KR_6768631091,KR_6753669146,KR_6690423531,KR_6768882598,KR_6768051218,KR_6750434504,KR_6759472783,KR_6766631279,KR_6762983429,KR_6628032819,KR_6765602231,KR_6762647029,KR_6732106928,KR_6719857977,KR_6681851805,KR_6724585119,KR_6768553542,KR_6637983881,KR_6724961635,KR_6693042001,KR_6725670352,KR_6765828294,KR_6760090936,KR_6734130792,KR_6704339719,KR_6743721076,KR_6726710495,KR_6766885967,KR_6762614610,KR_6757505024,KR_6766442186,KR_6736661467,KR_6612143833,KR_6745398343,KR_6767811201,KR_6734942369,KR_6764521442,KR_6755539835,KR_6763330307,KR_6768660486,KR_6743933462,KR_6713957064,KR_6766268079,KR_6730578228,KR_6748457571,KR_6758834955,KR_6753009801,KR_6733864545,KR_6746210006,KR_6751037076,KR_6701444750,KR_6722553904,KR_6766048041,KR_6716407861,KR_6745970875,KR_6752273846,KR_6679036158,KR_6740102124,KR_6759698337,KR_6766850856,KR_6754212916,KR_6762507301,KR_6749174322,KR_6758197470,KR_6727956172,KR_6764440106,KR_6739982806,KR_6761913459,KR_6724569684,KR_6745062031,KR_6751439455,KR_6763468038,KR_6723772308,KR_6767984910,KR_6769200152,KR_6762891380,KR_6758134338,KR_6764076206,KR_6764752110,KR_6764199273,KR_6712760705,KR_6766143924,KR_6764527793,KR_6749047685,KR_6769199395,KR_6759256550,KR_6761685111,KR_6761737786,KR_6768573997,KR_6689497412,KR_6761706289,KR_6740684901,KR_6725726245,KR_6497544515,KR_6754605556,KR_6761222840,KR_6754587017,KR_6693312150,KR_6738592437,KR_6694048323,KR_6768995565,KR_6765858087,KR_6735230130,KR_6764127620,KR_6716492448,KR_6765670484,KR_6728101676,KR_6768768704,KR_6728124550,KR_6754574843,KR_6761796805,KR_6767014453,KR_6763822839,KR_6753508771,KR_6766863781,KR_6597526852,KR_6769142653,KR_6656614925,KR_6768571012,KR_6750466149,KR_6765961907,KR_6767778121,KR_6705564660,KR_6729886087,KR_6689410272,KR_6759407143,KR_6743960200,KR_6727852278,KR_6734328422,KR_6762289121,KR_6735310674,KR_6752818490,KR_6767357132,KR_6758753574,KR_6755763213,KR_6766141919,KR_6741939644,KR_6765506465,KR_6694618230,KR_6749866961,KR_6768987591,KR_6611976269,KR_6749369221,KR_6764042133,KR_6742302670,KR_6768687886,KR_6761066183,KR_6755361832,KR_6768470091,KR_6643272852,KR_6765160803,KR_6759961686,KR_6734803091,KR_6766237776,KR_6732602923,KR_6765538989,KR_6672305392,KR_6765654795,KR_6759151965,KR_6766466409,KR_6764971028,KR_6755624793,KR_6757425494,KR_6765596431,KR_6764640975,KR_6764391350,KR_6746990920,KR_6768584176,KR_6745146765,KR_6748470670,KR_6730137799,KR_6764780446,KR_6631804122,KR_6626300427,KR_6761806288,KR_6705210972,KR_6768026462,KR_6719028103,KR_6762508857,KR_6693344712,KR_6768288672,KR_6768851615,KR_6731894873,KR_6762925188,KR_6764982504,KR_6723902724,KR_6767493048,KR_6764008351,KR_6633236935,KR_6765325104,KR_6718773370,KR_6752150123,KR_6744134717,KR_6752760319,KR_6744996501,KR_6647730467,KR_6756073854,KR_6758709702,KR_6765755502,KR_6756227617,KR_6753471213,KR_6756585763,KR_6752545060,KR_6768946915,KR_6762959060,KR_6617010446,KR_6769094320,KR_6762936192,KR_6661208125,KR_6757580255,KR_6760998955,KR_6765975559,KR_6768150134,KR_6602473951,KR_6755748869,KR_6765006332,KR_6756847317,KR_6736182101,KR_6768847959,KR_6767115035,KR_6766149325,KR_6716780182,KR_6607294198,KR_6765391453,KR_6701130427,KR_6736523991,KR_6763529779,KR_6762985494,KR_6693175034,KR_6735803474,KR_6768395537,KR_6701175057,KR_6756133321,KR_6768877269,KR_6738668754,KR_6751447831,KR_6766030049,KR_6764388336,KR_6733302644,KR_6768482713,KR_6755738866,KR_6759912352,KR_6758157566,KR_6686565323,KR_6688837722,KR_6722591457,KR_6713323307,KR_6766948571,KR_6764507689,KR_6739315137,KR_6563186854,KR_6765609134,KR_6768675343,KR_6760697446,KR_6643149418,KR_6756105455,KR_6704403663,KR_6701863474,KR_6675601430,KR_6753219880,KR_6768431253,KR_6765088673,KR_6757827561,KR_6764680602,KR_6762811642,KR_6769210302,KR_6676827734,KR_6766420770,KR_6740026361,KR_6756513002,KR_6637774646,KR_6726782055,KR_6673147040,KR_6765828464,KR_6738693510,KR_6291761539,KR_6740390213,KR_6738633233,KR_6768876218,KR_6768402808,KR_6761173889,KR_6745976110,KR_6768944416,KR_6762531971,KR_6747715914,KR_6691671307,KR_6738879434,KR_6701246927,KR_6755572317,KR_6767843250,KR_6744253843,KR_6723244409,KR_6768661948,KR_6713307366,KR_6768763362,KR_6688051917,KR_6754090339,KR_6768686272,KR_6750041129,KR_6764228533,KR_6768139838,KR_6761986512,KR_6691373601,KR_6768579144,KR_6764142089,KR_6757597634,KR_6769160050,KR_6760837714,KR_6751032102,KR_6740115430,KR_6761313776,KR_6763105749,KR_6759697959,KR_6766350025,KR_6506786601,KR_6765955698,KR_6741655914,KR_6680141836,KR_6744694688,KR_6766420308,KR_6753249766,KR_6735406246,KR_6760938246,KR_6508338971,KR_6747795107,KR_6753637754,KR_6765566883,KR_6760830229,KR_6768957537,KR_6665404529,KR_6759615901,KR_6768871612,KR_6767310139,KR_6767295246,KR_6762700593,KR_6758911862,KR_6730131420,KR_6767366473,KR_6747098800,KR_6713335777,KR_6755809584,KR_6768759988,KR_6756388704,KR_6602450638,KR_6762870148,KR_6763983775,KR_6725004472,KR_6761781775,KR_6735122213,KR_6762021789,KR_6767678098,KR_6737253280,KR_6726749801,KR_6722705902,KR_6767086252,KR_6765898429,KR_6660509100,KR_6731234401,KR_6766084915,KR_6751206900,KR_6766282066,KR_6765837976,KR_6740563869,KR_6759259295,KR_6767662486,KR_6723250650,KR_6768866882,KR_6747394018,KR_6728451053,KR_6760853136,KR_6764718599,KR_6759642314,KR_6749585122,KR_6739587128,KR_6764075098,KR_6761980668,KR_6760914592,KR_6745416038,KR_6759126923,KR_6692107334,KR_6733144101,KR_6768614653,KR_6758445358,KR_6764709923,KR_6760992805,KR_6754512731,KR_6764817444,KR_6728053791,KR_6742255734,KR_6762975731,KR_6765440005,KR_6765128494,KR_6674485364,KR_6674682638,KR_6713158135,KR_6613794473,KR_6766091262,KR_6768971402,KR_6645359636,KR_6610728792,KR_6616772775,KR_6699734732,KR_6762478192,KR_6692918624,KR_6764756861,KR_6745045850,KR_6720348474,KR_6752992844,KR_6761285581,KR_6766136526,KR_6749780941,KR_6761616802,KR_6754919330,KR_6755194147,KR_6678081954,KR_6765375789,KR_6761900353,KR_6701323144,KR_6763732500,KR_6654968846,KR_6699649377,KR_6760934391,KR_6692123466,KR_6706649394,KR_6699562009,KR_6745100967,KR_6500398673,KR_6766092932,KR_6766111236,KR_6710735541,KR_6763026096,KR_6760877005,KR_6768105795,KR_6729147919,KR_6761590002,KR_6749288813,KR_6760114932,KR_6732733761,KR_6761335549,KR_6763395285,KR_6763181854,KR_6761342540,KR_6742434039,KR_6760007341,KR_6750718692,KR_6547273090,KR_6767614707,KR_6764954177,KR_6763018969,KR_6729887403,KR_6731249682,KR_6761908847,KR_6768604348,KR_6768587237,KR_6688959195,KR_6723650847,KR_6750683485,KR_6768794872,KR_6763405040,KR_6732697632,KR_6733753836,KR_6616398925,KR_6759640184,KR_6754758989,KR_6712917928,KR_6766817061,KR_6731054974,KR_6743550700,KR_6746557947,KR_6766254556,KR_6768350174,KR_6764605413,KR_6568924092,KR_6761344696,KR_6764097050,KR_6745284277,KR_6763918492,KR_6766501561,KR_6627777294,KR_6718124394,KR_6767139360,KR_6752419677,KR_6765754574,KR_6761583129,KR_6766806898,KR_6760606194,KR_6767983835,KR_6761487764,KR_6765405567,KR_6749598658,KR_6751287512,KR_6689952575,KR_6748910764,KR_6767180082,KR_6729027693,KR_6765942273,KR_6762671045,KR_6766110371,KR_6764935617,KR_6654818714,KR_6660289461,KR_6650822686,KR_6729181176,KR_6741057039,KR_6758517905,KR_6765640471,KR_6765370295,KR_6761241422,KR_6736148390,KR_6765301190,KR_6756446211,KR_6748698696,KR_6727375594,KR_6741495890,KR_6766752793,KR_6758176271,KR_6758386340,KR_6768623673,KR_6706158755,KR_6742344172,KR_6764389158,KR_6758477473,KR_6732641517,KR_6756618537,KR_6746136977,KR_6647979773,KR_6743664832,KR_6732267113,KR_6753361279,KR_6655063985,KR_6659253671,KR_6766251872,KR_6674981016,KR_6737625723,KR_6749150005,KR_6739327371,KR_6748705165,KR_6767339414,KR_6738669026,KR_6709415462,KR_6698217373,KR_6657173745,KR_6718041245,KR_6765428579,KR_6753807026,KR_6675219104,KR_6738917123,KR_6762672950,KR_6762286409,KR_6768744308,KR_6729564076,KR_6750883221,KR_6734029136,KR_6755881856,KR_6764813456,KR_6764470432,KR_6720289483,KR_6767463922,KR_6735928838,KR_6762510943,KR_6639582480,KR_6741846888,KR_6621651433,KR_6682003995,KR_6767404488,KR_6765108576,KR_6767703137,KR_6568924607,KR_6765863485,KR_6767533317,KR_6497565966,KR_6667178232,KR_6689435552,KR_6765482191,KR_6497505418,KR_6740248151,KR_6745993112,KR_6733716396,KR_6761212097,KR_6752088718,KR_6738139881,KR_6756512103,KR_6769131687,KR_6768537621,KR_6759803150,KR_6738896578,KR_6753690235,KR_6670038024,KR_6755570676,KR_6655418838,KR_6722638566,KR_6760177826,KR_6763130663,KR_6765606868,KR_6763969494,KR_6764177465,KR_6762995864,KR_6735416265,KR_6722551371,KR_6518867404,KR_6706357697,KR_6758734245,KR_6753254009,KR_6697338804,KR_6765410531,KR_6654347464,KR_6762467810,KR_6740156947,KR_6768754447,KR_6762750831,KR_6756929936,KR_6765734902,KR_6761802274,KR_6627102769,KR_6760053608,KR_6618791959,KR_6733594989,KR_6769129789,KR_6760057429,KR_6643329891,KR_6766735340,KR_6723477408,KR_6720005193,KR_6764045392,KR_6722529603,KR_6766749830,KR_6754421991,KR_6716570907,KR_6754735143,KR_6762021849,KR_6745787013,KR_6750952037,KR_6729598569,KR_6764489290,KR_6736885732,KR_6659648551,KR_6742528243,KR_6769015693,KR_6645434299,KR_6597492919,KR_6734932010,KR_6633944797,KR_6691362787,KR_6767879012,KR_6705206515,KR_6754463450,KR_6563273596,KR_6693861847,KR_6766968268,KR_6716515139,KR_6753478713,KR_6626350325,KR_6757681775,KR_6733356829,KR_6740625642,KR_6486695178,KR_6740468553,KR_6752498388,KR_6728521139,KR_6768865086,KR_6730862452,KR_6637887832,KR_6767248286,KR_6691243055,KR_6756499034,KR_6766061218,KR_6724495714,KR_6768816856,KR_6743657868,KR_6760798308,KR_6682972678,KR_6722603827,KR_6664843218,KR_6734153820,KR_6730376266,KR_6762473006,KR_6768628714,KR_6766926445,KR_6704150307,KR_6707689952,KR_6720188764,KR_6728912315,KR_6766513761,KR_6749713963,KR_6736118006,KR_6747969323,KR_6697463715,KR_6761656934,KR_6761033714,KR_6756512362,KR_6759371386,KR_6753582001,KR_6766691152,KR_6701943391,KR_6756805208,KR_6663121047,KR_6762004355,KR_6750857821,KR_6743362935,KR_6759558907,KR_6670825562,KR_6763822608,KR_6759969131,KR_6757500555,KR_6767244865,KR_6767203074,KR_6672985796,KR_6763686849,KR_6740947623,KR_6754703330,KR_6757000081,KR_6748061162,KR_6722481745,KR_6758809167,KR_6765851852,KR_6757543631,KR_6732369639,KR_6723420367,KR_6736397540,KR_6761152051,KR_6703901045,KR_6767689777,KR_6742027662,KR_6652568181,KR_6737877860,KR_6743917059,KR_6769098449,KR_6723602327,KR_6730297524,KR_6720578870,KR_6629783416,KR_6755418152,KR_6732703536,KR_6766832335,KR_6768743223,KR_6766552011,KR_6660868808,KR_6768833181,KR_6692833146,KR_6705048698,KR_6765200495,KR_6766958730,KR_6768763954,KR_6701681145,KR_6704568197,KR_6742097786,KR_6765837612,KR_6744661343,KR_6750690862,KR_6764482964,KR_6767066649,KR_6759833527,KR_6759484928,KR_6626432141,KR_6759686737,KR_6767517768,KR_6763346967,KR_6766022453,KR_6768699003,KR_6736375783,KR_6735976642,KR_6759196165,KR_6744257479,KR_6724057658,KR_6761265874,KR_6593401482,KR_6766564450,KR_6764559132,KR_6722784683,KR_6762567613,KR_6752631819,KR_6736767565,KR_6502621039,KR_6765494096,KR_6743618050,KR_6762927736,KR_6748693517,KR_6761810512,KR_6649843025,KR_6762024014,KR_6751203956,KR_6751805700,KR_6766705274,KR_6766891442,KR_6742517919,KR_6766992120,KR_6748436448,KR_6715900499,KR_6743328737,KR_6728415319,KR_6768345841,KR_6702006854,KR_6763188845,KR_6698656094,KR_6601679128,KR_6687080534,KR_6613148439,KR_6644815518,KR_6768834788,KR_6765499081,KR_6504258503,KR_6765004128,KR_6764857723,KR_6647907494,KR_6610657707,KR_6758968557,KR_6752419722,KR_6761411817,KR_6736952609,KR_6769194340,KR_6730558872,KR_6742292516,KR_6767156035,KR_6756953798,KR_6742205862,KR_6764909715,KR_6745969271,KR_6756592877,KR_6684725003,KR_6637353933,KR_6757728340,KR_6756887667,KR_6716069120,KR_6640403714,KR_6619644521,KR_6762231963,KR_6759713161,KR_6742919265,KR_6757266445,KR_6766009548,KR_6674727939,KR_6763821274,KR_6756456019,KR_6766655861,KR_6744026923,KR_6661862244,KR_6768119636,KR_6720267869,KR_6721717971,KR_6747919927,KR_6606343214,KR_6676598568,KR_6674397770,KR_6767403446,KR_6763089982,KR_6731301410,KR_6752061489,KR_6764666759,KR_6684235006,KR_6694378208,KR_6749047900,KR_6764990248,KR_6676974274,KR_6757644415,KR_6749554051,KR_6628310220,KR_6723235026,KR_6735701753,KR_6736811478,KR_6679157217,KR_6673957959,KR_6506730641,KR_6767751814,KR_6720991777,KR_6753827589,KR_6679659172,KR_6644826797,KR_6671288723,KR_6766694435,KR_6616114989,KR_6692649851,KR_6764539923,KR_6762652289,KR_6755032486,KR_6766856253,KR_6767002652,KR_6627055272,KR_6735138713,KR_6719801924,KR_6743434977,KR_6754925117,KR_6767249434,KR_6723135981,KR_6737808727,KR_6766794545,KR_6764007045,KR_6768819157,KR_6758824056,KR_6768907864,KR_6761859306,KR_6766475530,KR_6729141543,KR_6765418969,KR_6768329895,KR_6662318934,KR_6765788585,KR_6736161731,KR_6727439519,KR_6756616352,KR_6726408552,KR_6767898531,KR_6729046044,KR_6768071432,KR_6765094431,KR_6738853469,KR_6765926684,KR_6692763481,KR_6654103622,KR_6767429936,KR_6745121676,KR_6758129659,KR_6763392394,KR_6742372527,KR_6764892156,KR_6767683388,KR_6745881261,KR_6728847163,KR_6766701588,KR_6751427973,KR_6750279658,KR_6695408834,KR_6767579617,KR_6718981722,KR_6768705309,KR_6755767077,KR_6692907248,KR_6730655755,KR_6745365826,KR_6768290850,KR_6710740951,KR_6758948388,KR_6645970407,KR_6765829678,KR_6757746214,KR_6754737945,KR_6743145287,KR_6762534844,KR_6764941256,KR_6762827292,KR_6749278315,KR_6731359036,KR_6723868958,KR_6753668509,KR_6724243078,KR_6762089745,KR_6750254052,KR_6696450990,KR_6695934113,KR_6675465003,KR_6519102978,KR_6745000939,KR_6768779899,KR_6754958197,KR_6768175606,KR_6761017689,KR_6755470952,KR_6749071437,KR_6764590316,KR_6743553679,KR_6748877424,KR_6693585839,KR_6768597549,KR_6752103254,KR_6765427468,KR_6739974128,KR_6699793322,KR_6613316770,KR_6769150265,KR_6759450060,KR_6767440889,KR_6763796842,KR_6761949815,KR_6742276124,KR_6767174850,KR_6658165025,KR_6760576024,KR_6758200034,KR_6646530289,KR_6672068621,KR_6760413982,KR_6742257504,KR_6766937800,KR_6598674881,KR_6768440176,KR_6760623312,KR_6761796067,KR_6765161843,KR_6765397159,KR_6759077125,KR_6655143303,KR_6635206661,KR_6737382481,KR_6765826773,KR_6756484187,KR_6767850578,KR_6311999075,KR_6769192529,KR_6753828760,KR_6720871321,KR_6765246203,KR_6689921771,KR_6766109100,KR_6768797882,KR_6739851445,KR_6645597117,KR_6755300921,KR_6730949263,KR_6766630652,KR_6759966104,KR_6695655557,KR_6757950313,KR_6749641022,KR_6737852563,KR_6768777938,KR_6738865575,KR_6734172937,KR_6762103770,KR_6764872142,KR_6649576866,KR_6745543059,KR_6764027861,KR_6714671596,KR_6742577420,KR_6762610487,KR_6749165293,KR_6624061561,KR_6680580907,KR_6764059508,KR_6729393722,KR_6766946702,KR_6764592360,KR_6728864218,KR_6741299741,KR_6762126876,KR_6707367622,KR_6722669200,KR_6760152112,KR_6652536102,KR_6767075005,KR_6747884345,KR_6752123304,KR_6764937629,KR_6757355282,KR_6764336626,KR_6719644985,KR_6749196537,KR_6733031715,KR_6646101154,KR_6763899432,KR_6707457797,KR_6690909769,KR_6769140103,KR_6741423950,KR_6726946216,KR_6767344408,KR_6768896735,KR_6659188457,KR_6672364167,KR_6766903086,KR_6764957110,KR_6762738842,KR_6710919721,KR_6707161327,KR_6738571643,KR_6760749841,KR_6765676655,KR_6765759310,KR_6699691523,KR_6762013414,KR_6678992684,KR_6709425968,KR_6687180952,KR_6760511723,KR_6685204072,KR_6337780031,KR_6725897218,KR_6767660263,KR_6692873598,KR_6727725229,KR_6763522406,KR_6650080474,KR_6754604228,KR_6766481939,KR_6761150386,KR_6747806607,KR_6768710343,KR_6765778336,KR_6765902758,KR_6756761473,KR_6757208263,KR_6724584402,KR_6759273463,KR_6611861327,KR_6761387755,KR_6725799828,KR_6760614573,KR_6597348618,KR_6727683554,KR_6764121274,KR_6742176008,KR_6764716843,KR_6707844678,KR_6673047995,KR_6758740536,KR_6750520604,KR_6760265761,KR_6753065345,KR_6651759204,KR_6754379621,KR_6740017485,KR_6614310600,KR_6735983735,KR_6767187917,KR_6755611481,KR_6756014023,KR_6419973353,KR_6734683157,KR_6761533492,KR_6566338357,KR_6730128082,KR_6718161235,KR_6767159529,KR_6761348237,KR_6727640711,KR_6753929217,KR_6765362960,KR_6758118917,KR_6766582898,KR_6660668105,KR_6762853767,KR_6761615427,KR_6748756524,KR_6763033073,KR_6767930450,KR_6750071488,KR_6768507086,KR_6762254062,KR_6750926516,KR_6744627540,KR_6693257372,KR_6761718803,KR_6756900310,KR_6727636995,KR_6753596821,KR_6761570726,KR_6584017737,KR_6755831731,KR_6692426649,KR_6761429042,KR_6764643452,KR_6754140258,KR_6632440035,KR_6757760514,KR_6726475548,KR_6728853228,KR_6766076704,KR_6738375681,KR_6746990601,KR_6757151035,KR_6763195796,KR_6709495875,KR_6697039997,KR_6650139632,KR_6749034563,KR_6738183449,KR_6759126877,KR_6741093105,KR_6725713681,KR_6764731430,KR_6728365132,KR_6736899461,KR_6758719910,KR_6760143519,KR_6763062789,KR_6733973281,KR_6657498421,KR_6761479583,KR_6750946348,KR_6621233997,KR_6739034821,KR_6760259878,KR_6761317102,KR_6739654184,KR_6767582410,KR_6769188038,KR_6702985649,KR_6637807073,KR_6765041547,KR_6746337701,KR_6747842106,KR_6686510484,KR_6762389596,KR_6637535356,KR_6629496511,KR_6764457356,KR_6755659671,KR_6766785553,KR_6768611836,KR_6766152521,KR_6565578561,KR_6750976646,KR_6724616572,KR_6724331617,KR_6751855925,KR_6765728306,KR_6767705455,KR_6722821836,KR_6743573804,KR_6743027687,KR_6735231147,KR_6751774536,KR_6756597105,KR_6763455257,KR_6611734686,KR_6744204199,KR_6660297604,KR_6768117286,KR_6764779078,KR_6760617514,KR_6706320157,KR_6738937068,KR_6604286485,KR_6742483486,KR_6733780178,KR_6638236646,KR_6766835250,KR_6750454816,KR_6728168745,KR_6755689161,KR_6766854264,KR_6751283963,KR_6753760862,KR_6726432662,KR_6736373015,KR_6628196422,KR_6767107372,KR_6617926662,KR_6756696884,KR_6764175591,KR_6739237124,KR_6734433059,KR_6764960808,KR_6751723265,KR_6519037923,KR_6684778623,KR_6741206950,KR_6766914401,KR_6679279177,KR_6761303696,KR_6760449741,KR_6766923088,KR_6763742372,KR_6691428603,KR_6745990248,KR_6744653721,KR_6710881801,KR_6768933738,KR_6766743777,KR_6701978311,KR_6766977169,KR_6750069930,KR_6761505149,KR_6761692994,KR_6691422359,KR_6696228315,KR_6765709489,KR_6769060647,KR_6767501768,KR_6768728703,KR_6763586525,KR_6769044848,KR_6724171647,KR_6758091107,KR_6730274002,KR_6758314605,KR_6758999216,KR_6767270929,KR_6751921283,KR_6768421483,KR_6564255511,KR_6764858314,KR_6753276367,KR_6748985332,KR_6767333050,KR_6766740945,KR_6695467698,KR_6769156463,KR_6696906393,KR_6767095290,KR_6763386759,KR_6758492448,KR_6740724652,KR_6762036571,KR_6743596058,KR_6761254310,KR_6716555639,KR_6760284496,KR_6749685958,KR_6764336012,KR_6743663601,KR_6701663840,KR_6760827749,KR_6767154170,KR_6724933060,KR_6761586999,KR_6733430163,KR_6767840594,KR_6755106139,KR_6762682576,KR_6754371977,KR_6749741180,KR_6768179646,KR_6568973371,KR_6768697333,KR_6606519675,KR_6664850540,KR_6763567931,KR_6710203466,KR_6730051049,KR_6766721340,KR_6766252971,KR_6732263817,KR_6728272252,KR_6606315726,KR_6764880388,KR_6750903418,KR_6612215181,KR_6761761810,KR_6741568966,KR_6743616855,KR_6764303307,KR_6768885020,KR_6756981679,KR_6752946201,KR_6653682083,KR_6747243899,KR_6765669805,KR_6694513233,KR_6764675319,KR_6697001390,KR_6754607094,KR_6764036196,KR_6768857367,KR_6764318687,KR_6763773423,KR_6705161742,KR_6763181954,KR_6766995057,KR_6704951072,KR_6628180260,KR_6745557758,KR_6765513175,KR_6764897738,KR_6718763169,KR_6687070709,KR_6712491817,KR_6687601418,KR_6754031647,KR_6766640126,KR_6726766837,KR_6762002510,KR_6734035846,KR_6745939842,KR_6760992721,KR_6743764801,KR_6763941214,KR_6634054567,KR_6768916688,KR_6735533846,KR_6736287252,KR_6759993489,KR_6749093259,KR_6754349995,KR_6764903208,KR_6767485700,KR_6730300103,KR_6725019181,KR_6761842550,KR_6766785914,KR_6754732587,KR_6760749512,KR_6757634358,KR_6761115373,KR_6762102771,KR_6768964991,KR_6739770417,KR_6745343205,KR_6766174857,KR_6676794757,KR_6662161682,KR_6765104634,KR_6734790190,KR_6624305487,KR_6757130263,KR_6722067006,KR_6698920987,KR_6761590775,KR_6748450289,KR_6751118669,KR_6759534952,KR_6759362741,KR_6683016657,KR_6768720082,KR_6745589911,KR_6767630772,KR_6768687889,KR_6768114556,KR_6752353205,KR_6757356013,KR_6754907149,KR_6768893196,KR_6740452745,KR_6746649112,KR_6765592232,KR_6746328022,KR_6765400351,KR_6741691978,KR_6765793842,KR_6765394616,KR_6751350903,KR_6741230840,KR_6765857079,KR_6768866350,KR_6745537847,KR_6767587614,KR_6673088913,KR_6646374577,KR_6701720656,KR_6766048598,KR_6758693875,KR_6750853774,KR_6769037320,KR_6731346104,KR_6752574014,KR_6754545568,KR_6724872798,KR_6720609532,KR_6753101457,KR_6643270984,KR_6664536483,KR_6733651118,KR_6740054404,KR_6763410016,KR_6768816848,KR_6766313952,KR_6744065647,KR_6762032804,KR_6745863083,KR_6720423389,KR_6768548791,KR_6758760687,KR_6763978391,KR_6639681138,KR_6767967022,KR_6756850542,KR_6619844029,KR_6764809522,KR_6744746016,KR_6765339893,KR_6736169241,KR_6767554696,KR_6764919106,KR_6726334822,KR_6768348284,KR_6768900778,KR_6766551062,KR_6741204891,KR_6764104870,KR_6745948924,KR_6758533193,KR_6713346353,KR_6745364903,KR_6761972491,KR_6667884343,KR_6753153187,KR_6765671547,KR_6765739486,KR_6732617548,KR_6715148490,KR_6675817598,KR_6754690754,KR_6764134723,KR_6762149177,KR_6743525671,KR_6764640834,KR_6721128488,KR_6750806559,KR_6767023595,KR_6735269174,KR_6763337568,KR_6743451035,KR_6765596333,KR_6768487055,KR_6764919681,KR_6711649288,KR_6760442520,KR_6734541373,KR_6744972080,KR_6755141996,KR_6741674638,KR_6698172971,KR_6763108365,KR_6667285399,KR_6760160228,KR_6754569262,KR_6763326558,KR_6743688231,KR_6755227992,KR_6761937793,KR_6672844128,KR_6728649342,KR_6575532573,KR_6743507612,KR_6660531081,KR_6721751907,KR_6695150681,KR_6749198590,KR_6760449186,KR_6754760094,KR_6764912859,KR_6768532341,KR_6768769600,KR_6508516095,KR_6758483410,KR_6760046066,KR_6725859255,KR_6764278534,KR_6734282001,KR_6763172848,KR_6767546638,KR_6645233009,KR_6748623935,KR_6690025006,KR_6768399269,KR_6629636138,KR_6762671634,KR_6734577573,KR_6760123171,KR_6740772098,KR_6763550005,KR_6667811205,KR_6764754661,KR_6767536765,KR_6765515761,KR_6767707332,KR_6659196164,KR_6761668205,KR_6755138864,KR_6764052469,KR_6730055217,KR_6747787658,KR_6765047062,KR_6761791119,KR_6764948306,KR_6765975842,KR_6767492302,KR_6749455029,KR_6761997395,KR_6768810360,KR_6720010275,KR_6769093980,KR_6768825034,KR_6765303954,KR_6760604080,KR_6758736543,KR_6766645026,KR_6732507946,KR_6762679812,KR_6765237408,KR_6768841581,KR_6684276678,KR_6754989618,KR_6767672673,KR_6760070528,KR_6747337840,KR_6760090526,KR_6643144962,KR_6748938871,KR_6755848898,KR_6763294770,KR_6755100993,KR_6757441205,KR_6764770596,KR_6713296782,KR_6750305677,KR_6747046421,KR_6604210566,KR_6766850659,KR_6754581611,KR_6698047032,KR_6765749578,KR_6762631818,KR_6616199678,KR_6691998635,KR_6720170415,KR_6757748937,KR_6759801539,KR_6766166227,KR_6722507235,KR_6746275969,KR_6655807793,KR_6722345155,KR_6765749217,KR_6688630862,KR_6766943651,KR_6678946715,KR_6769211197,KR_6751296932,KR_6743337793,KR_6708492604,KR_6634137189,KR_6757202262,KR_6700372854,KR_6752779715,KR_6768821417,KR_6674956996,KR_6719863239,KR_6754359527,KR_6734594872,KR_6736085833,KR_6732023693,KR_6724942850,KR_6695341991,KR_6768265778,KR_6754305121,KR_6762177529,KR_6762217223,KR_6765513119,KR_6766787541,KR_6756049334,KR_6719949755,KR_6768016827,KR_6748267214,KR_6757635095,KR_6765032855,KR_6731191042,KR_6746018608,KR_6496227972,KR_6765147715,KR_6765276686,KR_6762047842,KR_6726724655,KR_6738762965,KR_6761950141,KR_6729840276,KR_6766751361,KR_6596007716,KR_6674616996,KR_6724723512,KR_6762546253,KR_6756562113,KR_6728801794,KR_6766666826,KR_6729374023,KR_6748414485,KR_6767046483,KR_6735874841,KR_6620134144,KR_6760700395,KR_6742441179,KR_6708587341,KR_6733954749,KR_6670455092,KR_6726928016,KR_6751127174,KR_6763469584,KR_6742208821,KR_6612735842,KR_6764153022,KR_6701373210,KR_6736650175,KR_6749978482,KR_6754608903,KR_6754506960,KR_6697175317,KR_6655725061,KR_6705941183,KR_6697320324,KR_6717466081,KR_6757413211,KR_6767457686,KR_6766384975,KR_6738833671,KR_6754597937,KR_6609440445,KR_6765746832,KR_6664635010,KR_6744130050,KR_6755367096,KR_6767655322,KR_6762622978,KR_6759189268,KR_6758795018,KR_6760241697,KR_6755303458,KR_6743290243,KR_6553704302,KR_6763168106,KR_6768088724,KR_6724557290,KR_6712089108,KR_6761703313,KR_6727435146,KR_6763495556,KR_6756737231,KR_6758545228,KR_6757573054,KR_6750229636,KR_6746452858,KR_6749620111,KR_6742253426,KR_6760866461,KR_6519174199,KR_6693897198,KR_6764921276,KR_6697080842,KR_6748344176,KR_6755765128,KR_6760256766,KR_6764251517,KR_6761972152,KR_6764466722,KR_6767759589,KR_6752556722,KR_6765474432,KR_6757838365,KR_6766986556,KR_6758969663,KR_6768271994,KR_6749394929,KR_6756816936,KR_6764609554,KR_6767096348,KR_6729000259,KR_6504145345,KR_6768435118,KR_6701136395,KR_6762421584,KR_6729068761,KR_6748648660,KR_6762859104,KR_6767350312,KR_6767764121,KR_6762529327,KR_6768319478,KR_6734696857,KR_6761052822,KR_6638161123,KR_6764727011,KR_6728857504,KR_6661182202,KR_6761110382,KR_6755291891,KR_6768755436,KR_6720141394,KR_6760030515,KR_6767491975,KR_6764727207,KR_6758752844,KR_6764007445,KR_6722581817,KR_6601612581,KR_6689997574,KR_6763525107,KR_6758844508,KR_6724502120,KR_6718561940,KR_6756421519,KR_6768989523,KR_6758095130,KR_6768870855,KR_6760671942,KR_6750444262,KR_6749192778,KR_6764026380,KR_6764248316,KR_6764796244,KR_6722649094,KR_6758999712,KR_6768168922,KR_6740154125,KR_6734348801,KR_6713438212,KR_6720528537,KR_6763254688,KR_6761790493,KR_6765348640,KR_6686482234,KR_6760554099,KR_6761524760,KR_6742131544,KR_6761621694,KR_6759186616,KR_6727723147,KR_6599892931,KR_6656976016,KR_6760022350,KR_6654839440,KR_6757531614,KR_6764782052,KR_6751335977,KR_6764949694,KR_6730909083,KR_6735176942,KR_6754055529,KR_6754459231,KR_6767637692,KR_6763739067,KR_6759545408,KR_6761070898,KR_6768065526,KR_6751454936,KR_6583952147,KR_6752303433,KR_6762574183,KR_6766120354,KR_6767350923,KR_6760051208,KR_6765326786,KR_6743914356,KR_6765451845,KR_6713295030,KR_6768724450,KR_6729097372,KR_6768062149,KR_6701771271,KR_6762404915,KR_6754940494,KR_6754654530,KR_6753526889,KR_6768766885,KR_6760874418,KR_6612249329,KR_6759345054,KR_6738170542,KR_6717080182,KR_6721689856,KR_6768065983,KR_6766193124,KR_6565611488,KR_6751424643,KR_6766903174,KR_6707047832,KR_6692773388,KR_6768436274,KR_6689873706,KR_6767564172,KR_6736127222,KR_6753960938,KR_6761923383,KR_6767931954,KR_6726708681,KR_6768882248,KR_6759422791,KR_6768649958,KR_6765908782,KR_6737941638,KR_6760650856,KR_6760036239,KR_6749704275,KR_6726767258,KR_6768436857,KR_6702630006,KR_6758058322,KR_6760375918,KR_6699468855,KR_6497518635,KR_6703182690,KR_6761452504,KR_6746064778,KR_6761772399,KR_6756851744,KR_6763264733,KR_6760102923,KR_6738051382,KR_6768756077,KR_6747022821,KR_6593427214,KR_6641659035,KR_6767742867,KR_6765030799,KR_6691514325,KR_6713151546,KR_6743262853,KR_6748821985,KR_6764244050,KR_6740007491,KR_6757214939,KR_6766770521,KR_6723713117,KR_6741861154,KR_6761075625,KR_6765493746,KR_6740798292,KR_6620408685,KR_6712067920,KR_6764196445,KR_6743884738,KR_6766195150,KR_6762504014,KR_6613102691,KR_6737158626,KR_6765600420,KR_6761107798,KR_6746500872,KR_6754812472,KR_6742090562,KR_6659404825,KR_6660232808,KR_6765506845,KR_6748282296,KR_6752974172,KR_6759375150,KR_6674596110,KR_6707174542,KR_6616331251,KR_6559795761,KR_6758147608,KR_6726841826,KR_6758121411,KR_6768918046,KR_6761921583,KR_6763682053,KR_6762840620,KR_6734940253,KR_6768812703,KR_6748101478,KR_6699817576,KR_6762690738,KR_6761506846,KR_6631524520,KR_6674352034,KR_6762743029,KR_6595696018,KR_6568997928,KR_6570418967,KR_6768470427,KR_6764676975,KR_6620981651,KR_6745440243,KR_6762455583,KR_6722795071,KR_6756850334,KR_6753741056,KR_6749515458,KR_6718627509,KR_6763084348,KR_6742157179,KR_6736326611,KR_6752347449,KR_6768271662,KR_6734580968,KR_6763567472,KR_6765683828,KR_6701153806,KR_6763833077,KR_6745363215,KR_6765800219,KR_6766667667,KR_6719118494,KR_6761839224,KR_6767963696,KR_6722868817,KR_6758166630,KR_6765578420,KR_6732875708,KR_6767146837,KR_6731666673,KR_6707228174,KR_6759456566,KR_6743752848,KR_6753886517,KR_6724683157,KR_6757468147,KR_6729467947,KR_6692812741,KR_6768138395,KR_6741661280,KR_6765251149,KR_6767646809,KR_6742506302,KR_6721067802,KR_6763610321,KR_6738416112,KR_6728479796,KR_6734738299,KR_6748203818,KR_6753809401,KR_6701309313,KR_6750576648,KR_6760944764,KR_6670105027,KR_6759787730,KR_6734753230,KR_6767707162,KR_6761453075,KR_6754481151,KR_6745172663,KR_6759661715,KR_6730825100,KR_6766325115,KR_6758793664,KR_6727893451,KR_6667414690,KR_6743667370,KR_6692983033,KR_6767783707,KR_6724314436,KR_6767126417,KR_6768618988,KR_6739116451,KR_6765337979,KR_6765554441,KR_6762527647,KR_6767543917,KR_6646031838,KR_6763037575,KR_6768859571,KR_6593474936,KR_6763481362,KR_6761870240,KR_6731085350,KR_6763907747,KR_6756305663,KR_6769096662,KR_6691185289,KR_6719791895,KR_6732953425,KR_6759351208,KR_6752421278,KR_6738906689,KR_6763093248,KR_6688601549,KR_6739296732,KR_6598532978,KR_6607353886,KR_6753553103,KR_6761838931,KR_6729283037,KR_6768692992,KR_6766053538,KR_6761891155,KR_6751391666,KR_6767068056,KR_6767408173,KR_6765017190,KR_6761606976,KR_6745120370,KR_6756920668,KR_6722528888,KR_6639148160,KR_6661114465,KR_6768324310,KR_6765300521,KR_6766489361,KR_6765224997,KR_6765031087,KR_6725334571,KR_6764787510,KR_6743576155,KR_6766929721,KR_6760308881,KR_6653119176,KR_6761912026,KR_6765572813,KR_6633879334,KR_6767173933,KR_6761911731,KR_6765515788,KR_6737834874,KR_6768726812,KR_6766391769,KR_6751106654,KR_6704387468,KR_6739275203,KR_6757016491,KR_6732505563,KR_6766767339,KR_6761524849,KR_6768764427,KR_6760952734,KR_6767787290,KR_6752841005,KR_6750542087,KR_6756562851,KR_6766980200,KR_6744018254,KR_6764262434,KR_6711857382,KR_6729932996,KR_6766851415,KR_6761559099,KR_6734038969,KR_6692702565,KR_6659318373,KR_6766968258,KR_6767561446,KR_6590649410,KR_6761927213,KR_6766794648,KR_6731203755,KR_6760562993,KR_6755777704,KR_6736404013,KR_6768549511,KR_6653231779,KR_6754722610,KR_6766200314,KR_6763961773,KR_6764649589,KR_6760289136,KR_6728627322,KR_6741947588,KR_6758777889,KR_6761338886,KR_6651540332,KR_6767149750,KR_6757785859,KR_6754584107,KR_6766199278,KR_6765347205,KR_6722433285,KR_6764979108,KR_6753247025,KR_6732708981,KR_6764205568,KR_6679484078,KR_6742841968,KR_6699799172,KR_6767536908,KR_6760590947,KR_6734726732,KR_6668735483,KR_6628127953,KR_6646486796,KR_6763376676,KR_6733811422,KR_6761610962,KR_6753893734,KR_6691311357,KR_6754616422,KR_6609664244,KR_6767857422,KR_6755883043,KR_6739741500,KR_6728463452,KR_6733410204,KR_6761571060,KR_6769075711,KR_6614395172,KR_6767819002,KR_6719065340,KR_6734766581,KR_6765382293,KR_6761697105,KR_6767129233,KR_6756910881,KR_6761810391,KR_6651503192,KR_6719986198,KR_6748748995,KR_6743875406,KR_6732192765,KR_6696244284,KR_6685077937,KR_6759195357,KR_6750991861,KR_6767325351,KR_6759741963,KR_6710725531,KR_6768432809,KR_6732543698,KR_6766545509,KR_6765326029,KR_6767410747,KR_6753534775,KR_6743237479,KR_6767562668,KR_6674879422,KR_6766547359,KR_6754841850,KR_6709076146,KR_6768378215,KR_6764012102,KR_6736253368,KR_6746978379,KR_6766731248,KR_6742402167,KR_6768056108,KR_6758845836,KR_6768261828,KR_6733994001,KR_6763915789,KR_6761112996,KR_6714188168,KR_6673825740,KR_6762575182,KR_6744649047,KR_6765032078,KR_6729773584,KR_6293139079,KR_6759617172,KR_6768865270,KR_6755769663,KR_6763158196,KR_6763455942,KR_6714730139,KR_6768372941,KR_6757103885,KR_6749972369,KR_6757939592,KR_6759082195,KR_6769007380,KR_6740827485,KR_6755685291,KR_6643243286,KR_6759583496,KR_6739987056,KR_6749709554,KR_6767919208,KR_6753618479,KR_6698490986,KR_6696945309,KR_6768645612,KR_6749094765,KR_6719237670,KR_6750442110,KR_6749159521,KR_6762501099,KR_6762573308,KR_6767035803,KR_6764838406,KR_6751259170,KR_6725416312,KR_6745666763,KR_6766626782,KR_6739934235,KR_6720434747,KR_6761706231,KR_6764435918,KR_6759724665,KR_6734530545,KR_6540053324,KR_6755501827,KR_6744694777,KR_6739440544,KR_6646741135,KR_6760834110,KR_6766254283,KR_6768207978,KR_6724768565,KR_6767187586,KR_6745548532,KR_6762953971,KR_6717918352,KR_6763969890,KR_6766586064,KR_6767875104,KR_6698217876,KR_6766735338,KR_6699877594,KR_6769058848,KR_6762024347,KR_6738003314,KR_6767375848,KR_6768824107,KR_6631099820,KR_6762976991,KR_6661261048,KR_6573184498,KR_6766832012,KR_6634691454,KR_6767001158,KR_6716224319,KR_6753582781,KR_6655557429,KR_6737425911,KR_6753405999,KR_6763563419,KR_6763846698,KR_6764404588,KR_6759597719,KR_6766890470,KR_6700965343,KR_6768720935,KR_6766807999,KR_6671001748,KR_6768773931,KR_6679318986,KR_6743545407,KR_6761323903,KR_6758126737,KR_6660591872,KR_6768994434,KR_6766129163,KR_6766981926,KR_6766512072,KR_6760624705,KR_6710959241,KR_6699952986,KR_6768985613,KR_6761953367,KR_6759810115,KR_6631577051,KR_6767503078,KR_6744253112,KR_6752519333,KR_6767885813,KR_6756524610,KR_6768626321,KR_6675286023,KR_6750825623,KR_6761550268,KR_6723610976,KR_6719671903,KR_6693582284,KR_6659385937,KR_6717320964,KR_6737738704,KR_6753274329,KR_6742123479,KR_6566309297,KR_6717795336,KR_6716586228,KR_6768737534,KR_6758794823,KR_6655864557,KR_6745978368,KR_6765962886,KR_6691291268,KR_6764972873,KR_6729786871,KR_6735550153,KR_6756846474,KR_6765519504,KR_6759054555,KR_6767428993,KR_6743515599,KR_6767522059,KR_6688911323,KR_6754402605,KR_6765559407,KR_6760710402,KR_6763634606,KR_6762475330,KR_6745144515,KR_6763505547,KR_6759885234,KR_6749413984,KR_6761883955,KR_6754932316,KR_6749617946,KR_6760542913,KR_6691269554,KR_6659360677,KR_6762676355,KR_6767723156,KR_6698670498,KR_6765383112,KR_6768713387,KR_6768623731,KR_6768896439,KR_6724602788,KR_6765022092,KR_6762674738,KR_6635114725,KR_6758975808,KR_6763385558,KR_6617080686,KR_6616713324,KR_6695221574,KR_6764221480,KR_6718788875,KR_6768512573,KR_6704253215,KR_6766103734,KR_6768510373,KR_6754821427,KR_6746950998,KR_6732832666,KR_6765451302,KR_6761121624,KR_6765189813,KR_6763859912,KR_6752948636,KR_6766917144,KR_6766806363,KR_6766810770,KR_6715414822,KR_6738254662,KR_6723133687,KR_6724969380,KR_6759788769,KR_6756692027,KR_6743971250,KR_6757353925,KR_6705349584,KR_6725430055,KR_6768063044,KR_6730973213,KR_6732780166,KR_6766795088,KR_6728101007,KR_6763550924,KR_6767215596,KR_6761735733,KR_6761821381,KR_6688923051,KR_6723678077,KR_6765631530,KR_6764377850,KR_6768699621,KR_6737747621,KR_6737341771,KR_6760554912,KR_6726879755,KR_6753315447,KR_6768708226,KR_6679192626,KR_6706400255,KR_6767594557,KR_6759770599,KR_6734272198,KR_6744069184,KR_6720368930,KR_6745932073,KR_6762770805,KR_6758166100,KR_6768164034,KR_6513187148,KR_6291842292,KR_6698099476,KR_6767642799,KR_6746530875,KR_6746554631,KR_6768129789,KR_6664006209,KR_6765908155,KR_6766460387,KR_6764796659,KR_6745914318,KR_6728282256,KR_6753438018,KR_6761679386,KR_6658504810,KR_6765883779,KR_6719635537,KR_6767444812,KR_6761734250,KR_6768934454,KR_6734807383,KR_6756481207,KR_6754435284,KR_6734052824,KR_6746652602,KR_6741659269,KR_6649936857,KR_6755325581,KR_6720554351,KR_6767005827,KR_6693196316,KR_6759917536,KR_6656542947,KR_6765841030,KR_6744223793,KR_6766627218,KR_6766483207,KR_6637944427,KR_6740373995,KR_6754384545,KR_6757528684,KR_6768834678,KR_6759860093,KR_6763355621,KR_6761396768,KR_6765641032,KR_6762359407,KR_6670889894,KR_6753687793,KR_6623477147,KR_6703585003,KR_6762084386,KR_6768306552,KR_6767412191,KR_6767179982,KR_6724024191,KR_6768732455,KR_6724543004,KR_6765153959,KR_6765699193,KR_6763084910,KR_6767589583,KR_6754630767,KR_6768011348,KR_6760468371,KR_6762973211,KR_6743147764,KR_6766107648,KR_6688058630,KR_6769121978,KR_6698307826,KR_6768152395,KR_6689993168,KR_6725944034,KR_6767990188,KR_6762004211,KR_6765885055,KR_6768429215,KR_6762924514,KR_6761631104,KR_6767188901,KR_6764953419,KR_6723461328,KR_6751756321,KR_6719108714,KR_6765069000,KR_6752192084,KR_6745054704,KR_6761733560,KR_6726069142,KR_6628024327,KR_6727749710,KR_6692610467,KR_6717955522,KR_6768333521,KR_6726416064,KR_6701968848,KR_6760478908,KR_6761706229,KR_6700145201,KR_6765034915,KR_6655441262,KR_6765994275,KR_6762883245,KR_6753959844,KR_6768110189,KR_6740624819,KR_6508414857,KR_6768689715,KR_6761478059,KR_6760391801,KR_6735556074,KR_6702469678,KR_6769049830,KR_6629708805,KR_6696388193,KR_6766219882,KR_6728212679,KR_6763139129,KR_6704612551,KR_6765746682,KR_6697674911,KR_6764777485,KR_6765592727,KR_6706223263,KR_6730507838,KR_6730829526,KR_6704318199,KR_6763788779,KR_6761422256,KR_6758890922,KR_6723683801,KR_6761611971,KR_6753367205,KR_6758352539,KR_6768680893,KR_6758541344,KR_6756426011,KR_6761750545,KR_6674173988,KR_6719739076,KR_6764553539,KR_6764110091,KR_6769065268,KR_6764414466,KR_6723211306,KR_6753936164,KR_6763041620,KR_6745891941,KR_6735023323,KR_6755777343,KR_6765578465,KR_6692061422,KR_6747292327,KR_6762500851,KR_6732388569,KR_6764516918,KR_6756189405,KR_6658286042,KR_6732372774,KR_6763023753,KR_6617418319,KR_6739769024,KR_6765956790,KR_6753991438,KR_6764950279,KR_6763908209,KR_6679257366,KR_6667180316,KR_6753000796,KR_6762704184,KR_6723550451,KR_6729303302,KR_6627918448,KR_6766687296,KR_6759821359,KR_6631777763,KR_6757356430,KR_6761442552,KR_6765141647,KR_6768851008,KR_6762650259,KR_6766256592,KR_6768184216,KR_6748143970,KR_6758851915,KR_6763440538,KR_6763150978,KR_6756490420,KR_6766914591,KR_6759210654,KR_6768353886,KR_6692865092,KR_6740456936,KR_6767176461,KR_6759263508,KR_6416886059,KR_6751216071,KR_6751522463,KR_6732318051,KR_6759241023,KR_6765729910,KR_6683052422,KR_6766137272,KR_6758932097,KR_6701039226,KR_6763989980,KR_6753556392,KR_6767118641,KR_6766915502,KR_6725894907,KR_6714819637,KR_6621018844,KR_6767613251,KR_6763315507,KR_6744468915,KR_6758718789,KR_6727594274,KR_6768682238,KR_6766425554,KR_6768639012,KR_6756609897,KR_6761526417,KR_6738961282,KR_6742096328,KR_6762504499,KR_6680010409,KR_6612612238,KR_6767033098,KR_6756927888,KR_6762462311,KR_6718674451,KR_6502569170,KR_6767844740,KR_6753269228,KR_6769188679,KR_6750371995,KR_6660613963,KR_6762841247,KR_6752206924,KR_6731637231,KR_6758057774,KR_6756442914,KR_6769109490,KR_6631761034,KR_6593358500,KR_6399885873,KR_6760076838,KR_6627002659,KR_6765939874,KR_6767759496,KR_6768533804,KR_6755351850,KR_6764932948,KR_6614376327,KR_6768689420,KR_6767228735,KR_6623606021,KR_6764123179,KR_6743821990,KR_6696920880,KR_6749751250,KR_6768500734,KR_6725454488,KR_6728958550,KR_6741131520,KR_6696098010,KR_6761764015,KR_6728357445,KR_6674422536,KR_6652858400,KR_6759218880,KR_6764143866,KR_6748397541,KR_6764076454,KR_6760934232,KR_6707820237,KR_6760780629,KR_6767480078,KR_6764814894,KR_6752060553,KR_6767305990,KR_6762982572,KR_6752637871,KR_6757964066,KR_6768111946,KR_6767754944,KR_6724279514,KR_6621159690,KR_6724879649,KR_6766943570,KR_6768273265,KR_6769107655,KR_6769149809,KR_6744211052,KR_6765631800,KR_6744727117,KR_6768750927,KR_6715840721,KR_6767116727,KR_6626238953,KR_6709430339,KR_6764001659,KR_6565043029,KR_6728566478,KR_6757497073,KR_6767871546,KR_6697236738,KR_6752672642,KR_6760004445,KR_6768441413,KR_6768126225,KR_6767010521,KR_6764302143,KR_6743542623,KR_6689909006,KR_6759774913,KR_6769130547,KR_6721090412,KR_6736499456,KR_6744776010,KR_6741678199,KR_6767456220,KR_6766956926,KR_6754654118,KR_6762637403,KR_6751367503,KR_6757399068,KR_6739198015,KR_6762999829,KR_6762971843,KR_6760886663,KR_6764244015,KR_6762451205,KR_6739321259,KR_6759485121,KR_6729504470,KR_6665627639,KR_6749670447,KR_6766965654,KR_6759762954,KR_6760533830,KR_6768455302,KR_6768628555,KR_6744251090,KR_6743713952,KR_6764410387,KR_6768688206,KR_6768314370,KR_6754007200,KR_6698712410,KR_6745393692,KR_6769205513,KR_6769214164,KR_6764248039,KR_6760055688,KR_6769172276,KR_6764221566,KR_6766374363,KR_6611070572,KR_6762487413,KR_6765338408,KR_6766907922,KR_6768075003,KR_6736038141,KR_6733849626,KR_6717815595,KR_6764786490,KR_6761998801,KR_6761442885,KR_6762317867,KR_6737479133,KR_6752319210,KR_6764850917,KR_6764040560,KR_6758207267,KR_6730254471,KR_6766985650,KR_6766887178,KR_6754408204,KR_6756483649,KR_6678066241,KR_6709610792,KR_6688186102,KR_6748552240,KR_6679298310,KR_6759228817,KR_6767359009,KR_6664796569,KR_6749272244,KR_6738316663,KR_6767720747,KR_6745167540,KR_6764409391,KR_6768186886,KR_6757542908,KR_6745463153,KR_6674177288,KR_6764205914,KR_6766275349,KR_6768739676,KR_6728330654,KR_6759326769,KR_6768539918,KR_6760371703,KR_6763286378,KR_6761167302,KR_6733013156,KR_6757901286,KR_6759451236,KR_6744960857,KR_6728029076,KR_6745340370,KR_6763404276,KR_6679799250,KR_6754248738,KR_6768455703,KR_6768779623,KR_6758340576,KR_6768635028,KR_6728678961,KR_6745924226,KR_6646730265,KR_6726934782,KR_6763776763,KR_6764992704,KR_6650256746,KR_6760395872,KR_6767962161,KR_6768502141,KR_6718542395,KR_6766128253,KR_6721379874,KR_6763904395,KR_6752222594,KR_6767395864,KR_6764380857,KR_6760655576,KR_6746584079,KR_6729199735,KR_6766335670,KR_6739697823,KR_6769099066,KR_6763422285,KR_6764975060,KR_6737079950,KR_6757452990,KR_6639639310,KR_6765568060,KR_6763328040,KR_6702575962,KR_6668067742,KR_6768033535,KR_6732067645,KR_6760421419,KR_6760602126,KR_6559860327,KR_6716723956,KR_6747288090,KR_6712692282,KR_6767188222,KR_6719433598,KR_6736820349,KR_6754951707,KR_6769082423,KR_6760337841,KR_6768579758,KR_6768225929,KR_6657149516,KR_6749589862,KR_6761971685,KR_6748546511,KR_6750269166,KR_6752446510,KR_6761300424,KR_6768730355,KR_6768872326,KR_6756420358,KR_6711697448,KR_6742306062,KR_6761006920,KR_6754737066,KR_6769109806,KR_6768771946,KR_6765836200,KR_6759190909,KR_6760648915,KR_6556916516,KR_6767637908,KR_6764609745,KR_6768349896,KR_6759915678,KR_6693696148,KR_6766823691,KR_6601550118,KR_6739840118,KR_6768839782,KR_6751515591,KR_6764725140,KR_6291644611,KR_6753374580,KR_6675563542,KR_6762343179,KR_6761963904,KR_6759739018,KR_6750117191,KR_6720796786,KR_6716387428,KR_6712639450,KR_6767416641,KR_6719788755,KR_6726594759,KR_6733890176,KR_6622702189,KR_6766917540,KR_6534098241,KR_6689407298,KR_6759857738,KR_6753450733,KR_6763660103,KR_6766207340,KR_6767350589,KR_6749658606,KR_6756555364,KR_6762033306,KR_6761549406,KR_6741401354,KR_6764806508,KR_6759440990,KR_6765818105,KR_6756968009,KR_6744572192,KR_6735491709,KR_6745495008,KR_6760523594,KR_6769181929,KR_6734750453,KR_6743231464,KR_6767861385,KR_6768894753,KR_6762927440,KR_6547331118,KR_6731799395,KR_6730207386,KR_6766635417,KR_6702013777,KR_6766617314,KR_6754256462,KR_6659290845,KR_6734508682,KR_6672023628,KR_6764378163,KR_6762158850,KR_6645093716,KR_6761314023,KR_6763444582,KR_6753101595,KR_6761496991,KR_6767512191,KR_6752989965,KR_6728293789,KR_6731817811,KR_6631578636,KR_6753285236,KR_6765325066,KR_6687662806,KR_6725932716,KR_6629806777,KR_6653509636,KR_6729289368,KR_6756665231,KR_6743667588,KR_6755740013,KR_6637504795,KR_6757454386,KR_6767458738,KR_6766511363,KR_6752706353,KR_6762829544,KR_6763202112,KR_6721340329,KR_6761823587,KR_6766176139,KR_6761529367,KR_6759286197,KR_6749585682,KR_6738996933,KR_6761357380,KR_6745434415,KR_6763466089,KR_6727874991,KR_6734579447,KR_6765915999,KR_6767433683,KR_6764616629,KR_6420038826,KR_6758977809,KR_6667230193,KR_6734027385,KR_6763379192,KR_6704967241,KR_6758249505,KR_6759329461,KR_6759894790,KR_6736099797,KR_6760829307,KR_6749109929,KR_6759781415,KR_6756022994,KR_6638672340,KR_6766571611,KR_6726869259,KR_6723022226,KR_6761586448,KR_6729828476,KR_6732189049,KR_6768587203,KR_6754999078,KR_6755326751,KR_6622380606,KR_6726213646,KR_6764742458,KR_6761628523,KR_6727269887,KR_6766992518,KR_6607777784,KR_6764107078,KR_6739584686,KR_6767585226,KR_6717113537,KR_6768771751,KR_6763693403,KR_6707530521,KR_6733808430,KR_6765634581,KR_6759880460,KR_6755839299,KR_6766147898,KR_6767692326,KR_6761970040,KR_6663249555,KR_6744542762,KR_6766999015,KR_6762818262,KR_6763152479,KR_6761801465,KR_6759261914,KR_6748742180,KR_6708066668,KR_6628155404,KR_6768178553,KR_6607586932,KR_6643592291,KR_6759921055,KR_6767843996,KR_6725350682,KR_6748402902,KR_6768555388,KR_6769169224,KR_6707202175,KR_6764879005,KR_6628339631,KR_6767395913,KR_6732444061,KR_6745056674,KR_6654476198,KR_6564989776,KR_6764907385,KR_6742540341,KR_6764105028,KR_6759962370,KR_6767430240,KR_6746307828,KR_6552200282,KR_6761106709,KR_6768877796,KR_6693813963,KR_6765469278,KR_6755228497,KR_6754352001,KR_6734716846,KR_6753906736,KR_6667205138,KR_6624853483,KR_6751139606,KR_6766086626,KR_6755141289,KR_6619757897,KR_6768314604,KR_6761710295,KR_6720603138,KR_6761375875,KR_6753462293,KR_6688971589,KR_6749112145,KR_6629299557,KR_6743828004,KR_6725090872,KR_6740754449,KR_6729912260,KR_6757674233,KR_6714781400,KR_6768975102,KR_6768740947,KR_6762452382,KR_6759445712,KR_6762836420,KR_6699131400,KR_6508559934,KR_6686800548,KR_6764231798,KR_6763141287,KR_6727265569,KR_6716068693,KR_6726807232,KR_6757896396,KR_6768732251,KR_6756912631,KR_6761747898,KR_6769196855,KR_6687683996,KR_6742219045,KR_6747899580,KR_6768050000,KR_6681320544,KR_6758809197,KR_6757702177,KR_6755435048,KR_6751630525,KR_6760791132,KR_6756370941,KR_6767682451,KR_6768130248,KR_6741766666,KR_6714987776,KR_6752190809,KR_6689887181,KR_6752765190,KR_6758350654,KR_6756951763,KR_6757907061,KR_6766300556,KR_6759172091,KR_6766230635,KR_6763966844,KR_6768620593,KR_6713132488,KR_6688888114,KR_6737038751,KR_6762014033,KR_6766982190,KR_6575917563,KR_6759918246,KR_6763590397,KR_6752375909,KR_6763746132,KR_6758195897,KR_6763092161,KR_6764487575,KR_6744294471,KR_6755078343,KR_6766803607,KR_6747599005,KR_6751489939,KR_6768884817,KR_6728006062,KR_6765581373,KR_6748348540,KR_6768735499,KR_6761761212,KR_6762826588,KR_6758342296,KR_6711708438,KR_6758833871,KR_6745222410,KR_6765689170,KR_6734221172,KR_6763396218,KR_6763707612,KR_6760381507,KR_6760340238,KR_6766878041,KR_6732505976,KR_6762640491,KR_6768274358,KR_6761626187,KR_6761325585,KR_6763605522,KR_6768349131,KR_6767669240,KR_6768859273,KR_6761301050,KR_6765422163,KR_6645552104,KR_6763221677,KR_6502771507,KR_6765905016,KR_6718587156,KR_6768818355,KR_6767331188,KR_6761937529,KR_6737817406,KR_6763024958,KR_6768436101,KR_6753787999,KR_6763200061,KR_6754642602,KR_6765907771,KR_6722962100,KR_6761984266,KR_6768274970,KR_6741063011,KR_6752473915,KR_6736324289,KR_6728988179,KR_6765857018,KR_6768510828,KR_6764351322,KR_6754623123,KR_6698530783,KR_6766776887,KR_6765452305,KR_6765738588,KR_6754583727,KR_6757596215,KR_6652930299,KR_6662311922,KR_6737495722,KR_6763641901,KR_6737201039,KR_6761771364,KR_6733902165,KR_6759854456,KR_6756118268,KR_6718556428,KR_6679239416,KR_6759990770,KR_6759578638,KR_6758359688,KR_6606297787,KR_6761690556,KR_6732340922,KR_6767341862,KR_6767014072,KR_6759399031,KR_6692262153,KR_6660473823,KR_6754323191,KR_6739729947,KR_6764950030,KR_6730933101,KR_6746380463,KR_6689060072,KR_6749547825,KR_6599972628,KR_6604642522,KR_6763897226,KR_6764777834,KR_6768706276,KR_6756527732,KR_6765068027,KR_6768734460,KR_6745472396,KR_6763498293,KR_6737004558,KR_6678817051,KR_6768503494,KR_6750076734,KR_6756897013,KR_6721340539,KR_6766034530,KR_6721293935,KR_6750374148,KR_6749207902,KR_6745067392,KR_6713421002,KR_6753177215,KR_6767818286,KR_6759092188,KR_6760542772,KR_6696131922,KR_6764890153,KR_6768910009,KR_6722845805,KR_6764173692,KR_6756894889,KR_6762903248,KR_6761384239,KR_6731238558,KR_6746602984,KR_6767168090,KR_6744031145,KR_6764230280,KR_6765695439,KR_6757730611,KR_6759953276,KR_6694861811,KR_6768107306,KR_6761786048,KR_6767407277,KR_6676090683,KR_6705749814,KR_6765227597,KR_6767413852,KR_6765266475,KR_6728882364,KR_6752640973,KR_6652491130,KR_6764964567,KR_6745424868,KR_6690088906,KR_6764643136,KR_6720600532,KR_6728802293,KR_6753196255,KR_6766997344,KR_6766859974,KR_6768298491,KR_6767085245,KR_6759631415,KR_6763968113,KR_6765646082,KR_6765170471,KR_6768641047,KR_6662390596,KR_6758775124,KR_6612080410,KR_6735749685,KR_6711324415,KR_6750781515,KR_6767320294,KR_6734641607,KR_6766859358,KR_6730936137,KR_6767507936,KR_6763716398,KR_6763978296,KR_6769170983,KR_6712064752,KR_6768751371,KR_6649780025,KR_6729972194,KR_6729867948,KR_6767670859,KR_6766028583,KR_6639906152,KR_6668126916,KR_6754993970,KR_6761153323,KR_6743931220,KR_6768479670,KR_6748862631,KR_6762190983,KR_6699735952,KR_6744992406,KR_6682568193,KR_6739070967,KR_6766508920,KR_6753484175,KR_6718264020,KR_6716042534,KR_6686939723,KR_6744020047,KR_6767862049,KR_6754096051,KR_6761049590,KR_6762015430,KR_6655483088,KR_6628320101,KR_6741269841,KR_6699740614,KR_6769158959,KR_6753439462,KR_6763092725,KR_6758705092,KR_6767808312,KR_6750187174,KR_6769184212,KR_6760786308,KR_6767904890,KR_6760741088,KR_6765437253,KR_6738384925,KR_6766209722,KR_6762783644,KR_6764108098,KR_6748187865,KR_6750412001,KR_6461593215,KR_6763847143,KR_6718639758,KR_6664072779,KR_6648046653,KR_6769223550,KR_6767258766,KR_6765300216,KR_6718043309,KR_6757064246,KR_6768537712,KR_6735674757,KR_6766766512,KR_6721372594,KR_6764132337,KR_6687658147,KR_6768894040,KR_6673070597,KR_6702675399,KR_6761878942,KR_6768162002,KR_6732777678,KR_6745539370,KR_6768386907,KR_6625061621,KR_6732635975,KR_6767362284,KR_6768612523,KR_6760345042,KR_6761399464,KR_6766904918,KR_6742560470,KR_6763284555,KR_6720744644,KR_6715595601,KR_6765665958,KR_6768148794,KR_6730474254,KR_6763197407,KR_6713197057,KR_6766662676,KR_6765808461,KR_6699520374,KR_6748699633,KR_6716712676,KR_6740636568,KR_6752746394,KR_6740072747,KR_6743649872,KR_6754441237,KR_6761270312,KR_6756693899,KR_6752913472,KR_6768494235,KR_6665835182,KR_6768661552,KR_6766254484,KR_6765705621,KR_6718348539,KR_6759433100,KR_6755688012,KR_6719654215,KR_6654990373,KR_6683705195,KR_6760538306,KR_6759845168,KR_6755715912,KR_6716630929,KR_6769034481,KR_6709017226,KR_6720465962,KR_6759388977,KR_6768838756,KR_6765873653,KR_6768834303,KR_6733015944,KR_6767709834,KR_6764774889,KR_6729942719,KR_6756591460,KR_6728315183,KR_6769067774,KR_6671761195,KR_6749671964,KR_6716297783,KR_6767072149,KR_6732903724,KR_6737052222,KR_6766778447,KR_6760151795,KR_6738989723,KR_6766897208,KR_6761094206,KR_6769175740,KR_6768161267,KR_6745625042,KR_6748158518,KR_6640631712,KR_6709028171,KR_6761937880,KR_6767350681,KR_6728573717,KR_6752753496,KR_6766422817,KR_6761213541,KR_6763414058,KR_6661992831,KR_6756726633,KR_6767296024,KR_6762712894,KR_6731823053,KR_6763413775,KR_6755712986,KR_6728331423,KR_6716453351,KR_6768767898,KR_6763871127,KR_6761420156,KR_6764242888,KR_6688849927,KR_6764948090,KR_6763100983,KR_6741862819,KR_6697066034,KR_6746604008,KR_6635292093,KR_6754764727,KR_6766775441,KR_6752496669,KR_6724474774,KR_6766077169,KR_6751665968,KR_6698008644,KR_6758887081,KR_6708383842,KR_6763804720,KR_6624220744,KR_6727493520,KR_6749314169,KR_6699765201,KR_6767196108,KR_6706732859,KR_6766474925,KR_6705332464,KR_6763020061,KR_6754974431,KR_6761062525,KR_6767878983,KR_6768963020,KR_6761758637,KR_6753470443,KR_6720999760,KR_6768752060,KR_6768955860,KR_6762377302,KR_6728149133,KR_6738627822,KR_6762748445,KR_6673115086,KR_6762790571,KR_6764878517,KR_6748025850,KR_6461558155,KR_6736134495,KR_6744907759,KR_6751652327,KR_6768654627,KR_6767825381,KR_6767475755,KR_6768669418,KR_6763907617,KR_6759562090,KR_6769007887,KR_6767396589,KR_6745365995,KR_6768415482,KR_6730148288,KR_6744144932,KR_6674091523,KR_6732430737,KR_6766411780,KR_6749255678,KR_6506770525,KR_6761099221,KR_6757736973,KR_6762907228,KR_6763402979,KR_6753191903,KR_6745817800,KR_6765349266,KR_6720793489,KR_6760838823,KR_6701019418,KR_6694896213,KR_6762349992,KR_6768800624,KR_6553839984,KR_6768447791,KR_6756419152,KR_6687888319,KR_6757182289,KR_6768577659,KR_6691948946,KR_6750493178,KR_6768853007,KR_6506683010,KR_6731917804,KR_6691021605,KR_6755173678,KR_6768764329,KR_6647833217,KR_6720629001,KR_6764277526,KR_6719500567,KR_6768638172,KR_6765633950,KR_6764211694,KR_6767499805,KR_6732355279,KR_6720047594,KR_6761867492,KR_6755056010,KR_6732560290,KR_6688937927,KR_6749086794,KR_6763253246,KR_6643153441,KR_6736354014,KR_6749679514,KR_6760624205,KR_6736106821,KR_6743486707,KR_6675201019,KR_6750663642,KR_6706083366,KR_6608723309,KR_6730071795,KR_6757721377,KR_6660601741,KR_6723265146,KR_6738871231,KR_6761251960,KR_6749025185,KR_6754383022,KR_6763254291,KR_6691371912,KR_6745073383,KR_6764207764,KR_6761729425,KR_6768729300,KR_6767073041,KR_6747194857,KR_6749030111,KR_6746548199,KR_6654301667,KR_6762832646,KR_6701900235,KR_6758118696,KR_6752873031,KR_6768930459,KR_6764837156,KR_6766115485,KR_6650533404,KR_6718657750,KR_6736843013,KR_6766118598,KR_6729428309,KR_6769151626,KR_6672881593,KR_6764320427,KR_6701182648,KR_6725411492,KR_6767027162,KR_6706468496,KR_6729300620,KR_6720320624,KR_6761569115,KR_6701346110,KR_6762742166,KR_6736955825,KR_6764447235,KR_6762636707,KR_6745212077,KR_6759732347,KR_6763836250,KR_6733744717,KR_6768545580,KR_6723729168,KR_6763803511,KR_6755515627,KR_6768409585,KR_6644823439,KR_6695587573,KR_6766833238,KR_6689383184,KR_6759193529,KR_6696331255,KR_6490711731,KR_6728980008,KR_6765262826,KR_6732040519,KR_6762501894,KR_6639814064,KR_6665734204,KR_6766921653,KR_6768945566,KR_6750624560,KR_6766206044,KR_6729015688,KR_6748011333,KR_6761433232,KR_6766266342,KR_6754951224,KR_6734999311,KR_6639169786,KR_6734228715,KR_6754593350,KR_6661891753,KR_6688134367,KR_6768036045,KR_6767649292,KR_6681383578,KR_6568810074,KR_6763847581,KR_6761511200,KR_6759713332,KR_6760927922,KR_6732542787,KR_6749915324,KR_6712261242,KR_6762294663,KR_6746953381,KR_6744615089,KR_6725052688,KR_6764087075,KR_6757379752,KR_6763418940,KR_6764138728,KR_6763699800,KR_6732162395,KR_6764665206,KR_6766621725,KR_6719038146,KR_6715458315,KR_6767390600,KR_6768072982,KR_6767722263,KR_6752959864,KR_6746548938,KR_6693296972,KR_6769156020,KR_6760423086,KR_6723728816,KR_6757197170,KR_6749408125,KR_6763987715,KR_6742129053,KR_6768796551,KR_6764220764,KR_6730575264,KR_6760464264,KR_6737701831,KR_6754532400,KR_6759681941,KR_6767615944,KR_6750558993,KR_6758198434,KR_6752760800,KR_6763183857,KR_6714039896,KR_6768652091,KR_6704196011,KR_6768486513,KR_6768226168,KR_6746683886,KR_6767251067,KR_6755379128,KR_6767050126,KR_6761683629,KR_6753043818,KR_6766715057,KR_6761041865,KR_6691308646,KR_6740750727,KR_6734358467,KR_6689846754,KR_6729335123,KR_6761759557,KR_6767268138,KR_6750328846,KR_6738046084,KR_6683107511,KR_6708372865,KR_6765606179,KR_6769180826,KR_6769078628,KR_6752794104,KR_6683249111,KR_6739515764,KR_6762912200,KR_6752042167,KR_6766434902,KR_6764535374,KR_6763731361,KR_6731287130,KR_6768549793,KR_6764839148,KR_6758296383,KR_6768706954,KR_6620316371,KR_6765675800,KR_6759312542,KR_6756518141,KR_6767135760,KR_6691353478,KR_6734713418,KR_6766680953,KR_6709532433,KR_6762063718,KR_6768298266,KR_6759508468,KR_6761527114,KR_6732577611,KR_6747865135,KR_6737915056,KR_6656623096,KR_6633806154,KR_6765772322,KR_6764170074,KR_6614274737,KR_6723051625,KR_6763148781,KR_6763844428,KR_6757851274,KR_6759459920,KR_6763622308,KR_6752715346,KR_6760856717,KR_6653023864,KR_6760990034,KR_6752738012,KR_6749145379,KR_6764600145,KR_6766578561,KR_6767976862,KR_6762167200,KR_6761066724,KR_6768834407,KR_6749972550,KR_6766361092,KR_6694710908,KR_6724805325,KR_6765338790,KR_6743414597,KR_6768269537,KR_6762838920,KR_6653420458,KR_6766673806,KR_6748044115,KR_6659334227,KR_6686300377,KR_6759229171,KR_6764250776,KR_6764823249,KR_6768847046,KR_6768926102,KR_6728950136,KR_6678126243,KR_6756528582,KR_6768392766,KR_6762872445,KR_6767065028,KR_6718606373,KR_6647778353,KR_6765258271,KR_6766917346,KR_6711464410,KR_6698775782,KR_6738721005,KR_6672172956,KR_6766169133,KR_6768180494,KR_6670739942,KR_6747934941,KR_6764203136,KR_6703436010,KR_6766060320,KR_6705139326,KR_6738499818,KR_6759459754,KR_6759385072,KR_6768456953,KR_6768265572,KR_6764013014,KR_6664862377,KR_6753302558,KR_6755251389,KR_6761805918,KR_6729095149,KR_6762636620,KR_6765984828,KR_6611120016,KR_6767249363,KR_6737053736,KR_6765171881,KR_6766592147,KR_6717538094,KR_6675131704,KR_6747085281,KR_6758127023,KR_6757404998,KR_6754383141,KR_6745497603,KR_6725479653,KR_6757949981,KR_6649518065,KR_6735741047,KR_6743276907,KR_6661941133,KR_6765813871,KR_6637434521,KR_6769163720,KR_6761668305,KR_6760511029,KR_6750073947,KR_6762903660,KR_6752601814,KR_6761021035,KR_6760547218,KR_6757363835,KR_6768618854,KR_6765186346,KR_6756857770,KR_6692125753,KR_6720007100,KR_6748314032,KR_6760102616,KR_6762806789,KR_6752342179,KR_6732061349,KR_6756065140,KR_6753153746,KR_6713117628,KR_6768260740,KR_6761191587,KR_6761312748,KR_6732106603,KR_6768678285,KR_6759224878,KR_6734389310,KR_6768736504,KR_6707098671,KR_6757521300,KR_6750041461,KR_6755177637,KR_6761809246,KR_6754925019,KR_6761913874,KR_6762377121,KR_6747846329,KR_6765454708,KR_6755730261,KR_6660734587,KR_6765667634,KR_6767535522,KR_6748763614,KR_6704320053,KR_6659039712,KR_6694442979,KR_6768822258,KR_6750212174,KR_6752772912,KR_6759839458,KR_6762331345,KR_6757556611,KR_6731282513,KR_6757536375,KR_6761545618,KR_6764129623,KR_6738659295,KR_6757687517,KR_6722695371,KR_6698198534,KR_6646466179,KR_6755240503,KR_6767525421,KR_6765466612,KR_6741751018,KR_6765167802,KR_6728658049,KR_6766513437,KR_6768893586,KR_6764138618,KR_6752157492,KR_6542372710,KR_6761994636,KR_6735572533,KR_6729831140,KR_6751071373,KR_6751770564,KR_6740332390,KR_6761982928,KR_6767222637,KR_6761482548,KR_6743174030,KR_6769154861,KR_6763949883,KR_6749736727,KR_6752160480,KR_6726819223,KR_6767998359,KR_6683961372,KR_6733732746,KR_6720395063,KR_6752447641,KR_6762589176,KR_6719844934,KR_6764884248,KR_6762808383,KR_6623545385,KR_6764914134,KR_6725864742,KR_6736828932,KR_6749714245,KR_6675650900,KR_6759426485,KR_6765421031,KR_6745570158,KR_6761674316,KR_6761498164,KR_6700041982,KR_6745213190,KR_6728029550,KR_6764783091,KR_6729929040,KR_6732978476,KR_6728458057,KR_6749195938,KR_6720306129,KR_6734594718,KR_6725119190,KR_6672465146,KR_6768843762,KR_6760772182,KR_6749864969,KR_6765384900,KR_6718526613,KR_6756723098,KR_6733939961,KR_6753244515,KR_6740292925,KR_6755180022,KR_6768551049,KR_6760717654,KR_6767437880,KR_6723644472,KR_6728828813,KR_6728950672,KR_6730040076,KR_6760813798,KR_6761103593,KR_6745318586,KR_6497487925,KR_6759364246,KR_6653399322,KR_6768180405,KR_6754589926,KR_6768170066,KR_6754704474,KR_6736066517,KR_6701313827,KR_6757979283,KR_6764511667,KR_6767044369,KR_6767614245,KR_6673906628,KR_6762363917,KR_6768196978,KR_6767175881,KR_6754710685,KR_6745675297,KR_6661154764,KR_6686631463,KR_6746389605,KR_6701999702,KR_6632350441,KR_6693269582,KR_6756276632,KR_6721247124,KR_6743505316,KR_6644399711,KR_6763087324,KR_6755048457,KR_6757520434,KR_6748375053,KR_6767217776,KR_6764606862,KR_6764503566,KR_6717259462,KR_6647782479,KR_6748719739,KR_6758219234,KR_6737743076,KR_6741590666,KR_6761627816,KR_6731523516,KR_6734738181,KR_6758256590,KR_6751548804,KR_6739247569,KR_6751816126,KR_6754612434,KR_6663199731,KR_6746609814,KR_6754121433,KR_6738638624,KR_6763806302,KR_6764078985,KR_6679037757,KR_6728041881,KR_6604611179,KR_6763704332,KR_6768566939,KR_6733462429,KR_6497626726,KR_6760994423,KR_6766600064,KR_6735691342,KR_6768147111,KR_6758009871,KR_6756373400,KR_6752666647,KR_6766662379,KR_6751468668,KR_6768222083,KR_6707587548,KR_6721363545,KR_6745408060,KR_6753482334,KR_6690499046,KR_6728507715,KR_6765694927,KR_6765566382,KR_6751929971,KR_6762843903,KR_6767436932,KR_6754286008,KR_6758825559,KR_6752694592,KR_6753626694,KR_6758933448,KR_6765604535,KR_6765980921,KR_6755014119,KR_6653266408,KR_6761757521,KR_6755000726,KR_6768610640,KR_6640344284,KR_6768552349,KR_6768104352,KR_6763998469,KR_6765844015,KR_6730420693,KR_6757316418,KR_6763392114,KR_6734446841,KR_6757684032,KR_6764595370,KR_6713159689,KR_6768417866,KR_6699868144,KR_6721772148,KR_6751283240,KR_6738124323,KR_6708018786,KR_6755299866,KR_6762250053,KR_6752017006,KR_6761734865,KR_6764598405,KR_6765499100,KR_6704253330,KR_6656010099,KR_6764361755,KR_6764819152,KR_6743338566,KR_6764557460,KR_6766008669,KR_6754912554,KR_6647979278,KR_6730015563,KR_6754231860,KR_6684304393,KR_6725754979,KR_6637493783,KR_6748938718,KR_6763121152,KR_6764692123,KR_6647277795,KR_6721775385,KR_6645078501,KR_6762782494,KR_6765826036,KR_6681922776,KR_6680057901,KR_6769158316,KR_6729324932,KR_6769202752,KR_6764751707,KR_6760771349,KR_6750841209,KR_6718093242,KR_6753558496,KR_6764149222,KR_6768324354,KR_6728274563,KR_6767948827,KR_6764044965,KR_6760374280,KR_6761607892,KR_6768606015,KR_6756344524,KR_6758222783,KR_6756967509,KR_6757212596,KR_6765610001,KR_6649996598,KR_6759760917,KR_6752507104,KR_6730194033,KR_6724888885,KR_6557579778,KR_6728176622,KR_6705380854,KR_6742203544,KR_6762326647,KR_6763880926,KR_6767055405,KR_6746479185,KR_6763034070,KR_6761355774,KR_6765152334,KR_6682230657,KR_6658242758,KR_6752521992,KR_6763607962,KR_6762436777,KR_6756097988,KR_6731687743,KR_6768494928,KR_6611784079,KR_6765370308,KR_6753703690,KR_6659397560,KR_6668520408,KR_6769087712,KR_6759378676,KR_6750326029,KR_6768675868,KR_6768473864,KR_6762210470,KR_6763660106,KR_6767849259,KR_6765005594,KR_6650873260,KR_6767066443,KR_6760877614,KR_6768331699,KR_6763042798,KR_6755244979,KR_6690471364,KR_6698840524,KR_6728228164,KR_6761655270,KR_6765442906,KR_6745125069,KR_6734960522,KR_6754000539,KR_6763656406,KR_6768625041,KR_6750267575,KR_6763735479,KR_6764034652,KR_6730681049,KR_6740607339,KR_6686944855,KR_6727802631,KR_6612038429,KR_6722906801,KR_6752152240,KR_6767689936,KR_6756990797,KR_6729174872,KR_6624383108,KR_6697396570,KR_6637825328,KR_6706112130,KR_6768954020,KR_6746229973,KR_6732663660,KR_6767437917,KR_6756952921,KR_6766728046,KR_6761826700,KR_6761657149,KR_6750453481,KR_6748295300,KR_6756953381,KR_6769131838,KR_6767509482,KR_6747399005,KR_6750930116,KR_6768494882,KR_6763586212,KR_6749947745,KR_6755458810,KR_6767357908,KR_6764047583,KR_6768603172,KR_6767088495,KR_6737950789,KR_6737832438,KR_6768820243,KR_6767418881,KR_6750228781,KR_6722385483,KR_6643273217,KR_6766981536,KR_6649657007,KR_6752597960,KR_6764267447,KR_6765891817,KR_6759065065,KR_6646540969,KR_6742173969,KR_6763461341,KR_6764937442,KR_6757372149,KR_6762696973,KR_6764271907,KR_6762997757,KR_6768384022,KR_6704259633,KR_6742534392,KR_6689992368,KR_6767977496,KR_6768760461,KR_6759084351,KR_6718012137,KR_6763938966,KR_6758063290,KR_6765826877,KR_6597557714,KR_6618817866,KR_6763951707,KR_6686043644,KR_6762394661,KR_6741537354,KR_6762002112,KR_6754072580,KR_6767318894,KR_6754444041,KR_6742951464,KR_6732781569,KR_6759251343,KR_6764472201,KR_6764447800,KR_6759249019,KR_6626256167,KR_6763520610,KR_6767570867,KR_6769015397,KR_6766611682,KR_6694580259,KR_6758744691,KR_6645276146,KR_6765682261,KR_6763771551,KR_6755081760,KR_6768646739,KR_6766084027,KR_6747120589,KR_6755409977,KR_6759555703,KR_6737920983,KR_6764920854,KR_6762912564,KR_6681112731,KR_6768767710,KR_6761919752,KR_6659078542,KR_6742417375,KR_6739976052,KR_6734155608,KR_6730564535,KR_6759032400,KR_6691163849,KR_6741375587,KR_6767985669,KR_6767539102,KR_6759280248,KR_6744102067,KR_6763559046,KR_6768951059,KR_6753593239,KR_6769145839,KR_6764131025,KR_6759161168,KR_6766844385,KR_6506665455,KR_6765739282,KR_6742459349,KR_6752504370,KR_6725780081,KR_6767135031,KR_6733748089,KR_6763678996,KR_6760481322,KR_6768051084,KR_6756876346,KR_6768349619,KR_6765638689,KR_6749344980,KR_6767347746,KR_6762273895,KR_6735329869,KR_6764269025,KR_6751540233,KR_6745272556,KR_6767136118,KR_6763140833,KR_6768845860,KR_6728553170,KR_6768298840,KR_6765789887,KR_6767561403,KR_6725948409,KR_6736984011,KR_6711434521,KR_6760545128,KR_6741525076,KR_6749017749,KR_6750428844,KR_6720204324,KR_6761036839,KR_6729685520,KR_6764067721,KR_6767049930,KR_6756358300,KR_6716374276,KR_6767499192,KR_6766122099,KR_6730989339,KR_6614646615,KR_6763182261,KR_6760720639,KR_6768793787,KR_6761261950,KR_6769100921,KR_6757810863,KR_6661844244,KR_6768878810,KR_6748758220,KR_6757397234,KR_6762883703,KR_6728793769,KR_6733801483,KR_6768498330,KR_6708315110,KR_6635752000,KR_6767060658,KR_6762441495,KR_6673686189,KR_6762960669,KR_6766914839,KR_6750883872,KR_6730330162,KR_6769197099,KR_6768051549,KR_6768389813,KR_6755434184,KR_6757513724,KR_6769118848,KR_6766509186,KR_6768237821,KR_6626520473,KR_6622419252,KR_6632400658,KR_6736406418,KR_6657521102,KR_6759045725,KR_6744044131,KR_6768723972,KR_6737017430,KR_6759693258,KR_6744703412,KR_6728686823,KR_6754463042,KR_6753295135,KR_6760161195,KR_6747656758,KR_6734523119,KR_6713233324,KR_6701745692,KR_6661238864,KR_6740987921,KR_6763716260,KR_6609302429,KR_6637943976,KR_6768660795,KR_6766955063,KR_6761503303,KR_6759847374,KR_6767241881,KR_6654857772,KR_6754953807,KR_6764959296,KR_6757465076,KR_6739933615,KR_6768252743,KR_6730864593,KR_6763602933,KR_6752891078,KR_6758285026,KR_6758197921,KR_6729787777,KR_6764087491,KR_6713097162,KR_6681236226,KR_6762773058,KR_6755460645,KR_6765120231,KR_6763277430,KR_6767102725,KR_6704609760,KR_6709477331,KR_6571743018,KR_6712122803,KR_6723957551,KR_6761981194,KR_6762658911,KR_6767733844,KR_6744189099,KR_6767536229,KR_6766714973,KR_6676790418,KR_6736913882,KR_6666166348,KR_6767628178,KR_6726312915,KR_6766463860,KR_6716138559,KR_6762910634,KR_6767984840,KR_6654998698,KR_6718297140,KR_6761901246,KR_6616290070,KR_6651338690,KR_6765677414,KR_6672930288,KR_6767332214,KR_6764474777,KR_6671022403,KR_6738090905,KR_6766905017,KR_6699149638,KR_6768618755,KR_6745531951,KR_6768208320,KR_6695081696,KR_6763604708,KR_6649759364,KR_6701818449,KR_6764768466,KR_6727981252,KR_6694671044,KR_6732767979,KR_6721345967,KR_6768589553,KR_6709568766,KR_6742462721,KR_6756555472,KR_6759287517,KR_6761781812,KR_6754866978,KR_6761970231,KR_6769052292,KR_6756974396,KR_6743994490,KR_6760015943,KR_6767512244,KR_6756062595,KR_6767895738,KR_6635116476,KR_6737942166,KR_6768868621,KR_6762853450,KR_6759286329,KR_6758874012,KR_6617038454,KR_6749761018,KR_6764492674,KR_6768607264,KR_6686870811,KR_6768186150,KR_6765101447,KR_6758736998,KR_6726743077,KR_6743396386,KR_6743784845,KR_6496253238,KR_6768656961,KR_6762355895,KR_6768960068,KR_6715204023,KR_6678865550,KR_6768672649,KR_6757557380,KR_6754923524,KR_6706055699,KR_6740968845,KR_6752338970,KR_6747433754,KR_6750866536,KR_6758790088,KR_6769130033,KR_6760070180,KR_6613292753,KR_6764358981,KR_6683309986,KR_6616282592,KR_6764334616,KR_6734652191,KR_6759949593,KR_6751061891,KR_6729263076,KR_6718691302,KR_6761857771,KR_6767322109,KR_6768478465,KR_6689564901,KR_6618360928,KR_6721994137,KR_6749349154,KR_6738839566,KR_6732402203,KR_6768328340,KR_6764079853,KR_6763901003,KR_6734229848,KR_6752770799,KR_6735376026,KR_6763676257,KR_6767518067,KR_6763033689,KR_6744467012,KR_6765174380,KR_6746847276,KR_6767471903,KR_6758435146,KR_6631044775,KR_6725628273,KR_6758194591,KR_6695406447,KR_6766115874,KR_6745324346,KR_6741672271,KR_6666112540,KR_6762621714,KR_6714607013,KR_6763129224,KR_6629751191,KR_6738832351,KR_6765609884,KR_6762868335,KR_6765190927,KR_6765160006,KR_6701255967,KR_6765760319,KR_6758915617,KR_6764886603,KR_6649287016,KR_6740995987,KR_6768575698,KR_6749026316,KR_6762438580,KR_6768089535,KR_6734470176,KR_6766870736,KR_6768423538,KR_6761156350,KR_6753866639,KR_6761871452,KR_6729544627,KR_6743285463,KR_6730275242,KR_6704390622,KR_6764272093,KR_6761992324,KR_6748802017,KR_6745159611,KR_6760494260,KR_6755784342,KR_6765460136,KR_6764276420,KR_6752667802,KR_6697570984,KR_6708301040,KR_6768293699,KR_6655936694,KR_6765400069,KR_6730711310,KR_6616469792,KR_6762315576,KR_6759138574,KR_6760929889,KR_6695884682,KR_6745244643,KR_6742944764,KR_6744067608,KR_6763096180,KR_6640479832,KR_6751561044,KR_6767791141,KR_6687332308,KR_6635045534,KR_6761427475,KR_6768882028,KR_6651988824,KR_6764976209,KR_6766493139,KR_6726350830,KR_6633379042,KR_6724564545,KR_6696958464,KR_6748919244,KR_6768743943,KR_6769094405,KR_6655521200,KR_6766019921,KR_6760590808,KR_6767537055,KR_6767817784,KR_6761234043,KR_6768679900,KR_6763868027,KR_6768411416,KR_6767482398,KR_6641602811,KR_6731481482,KR_6704437339,KR_6752923604,KR_6729230121,KR_6767127020,KR_6621386674,KR_6764929138,KR_6735164927,KR_6768734425,KR_6754844406,KR_6763270901,KR_6769071296,KR_6694559209,KR_6766354178,KR_6754605634,KR_6767366568,KR_6761390316,KR_6735647739,KR_6751018070,KR_6655027261,KR_6716421072,KR_6765692885,KR_6757603154,KR_6765922139,KR_6748943884,KR_6686928481,KR_6675728621,KR_6761843129,KR_6715188028,KR_6654915174,KR_6633381733,KR_6761545708,KR_6762603062,KR_6767832567,KR_6763160074,KR_6764920995,KR_6740886859,KR_6768308956,KR_6768202319,KR_6682515391,KR_6767470426,KR_6768598149,KR_6705452356,KR_6761345644,KR_6730975661,KR_6757017394,KR_6749464590,KR_6768244515,KR_6737598506,KR_6765399854,KR_6768625106,KR_6687799434,KR_6689953685,KR_6768532217,KR_6739065460,KR_6695743697,KR_6595523637,KR_6729962363,KR_6760954413,KR_6557647675,KR_6715385546,KR_6760697994,KR_6764718124,KR_6768886322,KR_6730416640,KR_6759158582,KR_6766090696,KR_6742405336,KR_6764512834,KR_6767267214,KR_6745012098,KR_6767079947,KR_6751385746,KR_6723230965,KR_6762230524,KR_6734435782,KR_6764468053,KR_6763622460,KR_6761686844,KR_6767509146,KR_6751048541,KR_6740779284,KR_6763472712,KR_6767989112,KR_6758129578,KR_6768739322,KR_6758870464,KR_6762568449,KR_6653171592,KR_6763453383,KR_6664140035,KR_6755376034,KR_6761206287,KR_6768440505,KR_6765558078,KR_6765951289,KR_6767106398,KR_6760634152,KR_6755237593,KR_6633993219,KR_6685134864,KR_6726679879,KR_6658589257,KR_6768052017,KR_6768887590,KR_6764918787,KR_6706342188,KR_6764938366,KR_6763033859,KR_6762486949,KR_6762695187,KR_6767937751,KR_6730361121,KR_6768547758,KR_6762213789,KR_6684008866,KR_6704258880,KR_6753706211,KR_6727883142,KR_6762084488,KR_6704691048,KR_6758746482,KR_6654950347,KR_6732491276,KR_6735895632,KR_6767862976,KR_6746061049,KR_6759868340,KR_6758137005,KR_6750395846,KR_6766227243,KR_6766915226,KR_6761362748,KR_6769138465,KR_6707846078,KR_6747977043,KR_6750766125,KR_6750923312,KR_6717884934,KR_6754610621,KR_6752979506,KR_6763408906,KR_6766976924,KR_6710816670,KR_6762002777,KR_6760668803,KR_6752302946,KR_6761342421,KR_6764920215,KR_6760141063,KR_6768966710,KR_6761311313,KR_6761207777,KR_6745821221,KR_6769104718,KR_6755505165,KR_6769198086,KR_6768641931,KR_6723605568,KR_6675857840,KR_6679628224,KR_6764540444,KR_6765688720,KR_6768879586,KR_6608657233,KR_6706952842,KR_6755753656,KR_6753282427,KR_6765886358,KR_6748243810,KR_6753420945,KR_6768402834,KR_6721403252,KR_6759863977,KR_6696041538,KR_6674563293,KR_6758840470,KR_6760228467,KR_6764933566,KR_6767497525,KR_6750866641,KR_6755861394,KR_6765296661,KR_6760595406,KR_6761840490,KR_6756995440,KR_6643199373,KR_6761673321,KR_6756079563,KR_6668569837,KR_6766736904,KR_6640441132,KR_6764434286,KR_6697023340,KR_6734148891,KR_6764535838,KR_6667104003,KR_6750724706,KR_6765246445,KR_6734172756,KR_6767939614,KR_6760956340,KR_6761668701,KR_6750625841,KR_6760323243,KR_6751954594,KR_6753123167,KR_6729107744,KR_6760892209,KR_6679723340,KR_6748029800,KR_6746576028,KR_6669692698,KR_6724417066,KR_6755864665,KR_6756485417,KR_6761705477,KR_6750596390,KR_6761937460,KR_6692990906,KR_6767592804,KR_6764621923,KR_6608805888,KR_6597481004,KR_6765399991,KR_6769135439,KR_6761818447,KR_6757547897,KR_6643299104,KR_6716635983,KR_6712640890,KR_6734541859,KR_6763639442,KR_6744489028,KR_6769095653,KR_6765494409,KR_6681028161,KR_6727774946,KR_6735078447,KR_6764980362,KR_6745713047,KR_6748983023,KR_6767570320,KR_6762490162,KR_6762709480,KR_6768258249,KR_6768003440,KR_6766839636,KR_6767899404,KR_6759736896,KR_6759848662,KR_6732542343,KR_6763890549,KR_6766578422,KR_6745718667,KR_6766277901,KR_6754511406,KR_6679752758,KR_6749127291,KR_6733255786,KR_6625017072,KR_6760721486,KR_6645645512,KR_6742760078,KR_6749337737,KR_6742991173,KR_6768978487,KR_6723089535,KR_6718414802,KR_6758215409,KR_6719151336,KR_6755666094,KR_6752831100,KR_6766061212,KR_6765076638,KR_6730969865,KR_6593452040,KR_6762434332,KR_6718207984,KR_6752933310,KR_6747427764,KR_6748124985,KR_6759467091,KR_6759834258,KR_6649270140,KR_6761884525,KR_6768606621,KR_6565647326,KR_6768713890,KR_6760872756,KR_6766100710,KR_6762897792,KR_6713205472,KR_6727637417,KR_6760977322,KR_6745297181,KR_6762386027,KR_6767599620,KR_6749258551,KR_6760049975,KR_6756778459,KR_6717598335,KR_6752555082,KR_6668627386,KR_6715294431,KR_6706572707,KR_6768184305,KR_6763743926,KR_6769124907,KR_6765579077,KR_6765534389,KR_6768909530,KR_6694658855,KR_6761388188,KR_6758661911,KR_6717302035,KR_6753932250,KR_6717961328,KR_6695269267,KR_6763011793,KR_6753366269,KR_6766223856,KR_6761092069,KR_6570363457,KR_6701994045,KR_6768660183,KR_6768347924,KR_6745686726,KR_6720933496,KR_6765065474,KR_6769101979,KR_6767667815,KR_6762782476,KR_6733897182,KR_6764030627,KR_6639105338,KR_6766312280,KR_6724800447,KR_6661929945,KR_6736918544,KR_6736184480,KR_6766787296,KR_6756551595,KR_6747420085,KR_6759345437,KR_6692899620,KR_6753670083,KR_6758221077,KR_6730308757,KR_6753213406,KR_6704066178,KR_6727105759,KR_6767388130,KR_6733771563,KR_6767515970,KR_6713307816,KR_6733713038,KR_6750421173,KR_6595015464,KR_6763277728,KR_6767136588,KR_6767280946,KR_6767791298,KR_6767374146,KR_6646901990,KR_6757728037,KR_6754669087,KR_6740355280,KR_6753865449,KR_6762908340,KR_6761726593,KR_6603147288,KR_6745783379,KR_6757643323,KR_6745727451,KR_6734501466,KR_6731732380,KR_6732833748,KR_6659226435,KR_6745123659,KR_6763587034,KR_6706279687,KR_6754911974,KR_6768878361,KR_6761208046,KR_6761475936,KR_6736073344,KR_6645486024,KR_6651659764,KR_6732183912,KR_6753095838,KR_6759795017,KR_6759352404,KR_6734504023,KR_6768564126,KR_6752619893,KR_6717892507,KR_6753984339,KR_6764900218,KR_6760940175,KR_6734544199,KR_6763836574,KR_6741818595,KR_6622455606,KR_6759562581,KR_6757778970,KR_6757709220,KR_6766289209,KR_6763522050,KR_6675914577,KR_6762492168,KR_6768661305,KR_6726672764,KR_6766316289,KR_6611163402,KR_6764948883,KR_6766560857,KR_6760482053,KR_6767279797,KR_6769224852,KR_6659348235,KR_6749866579,KR_6646407485,KR_6767113422,KR_6705811080,KR_6762690818,KR_6762185820,KR_6657324072,KR_6674674731,KR_6731504423,KR_6693968899,KR_6768232872,KR_6753048194,KR_6767416957,KR_6664359453,KR_6763739433,KR_6765959644,KR_6747591933,KR_6694564308,KR_6763795493,KR_6756720014,KR_6681260996,KR_6764526826,KR_6767937808,KR_6768445655,KR_6751536230,KR_6764254785,KR_6767788026,KR_6686880598,KR_6765043047,KR_6750226592,KR_6766081345,KR_6670864393,KR_6751217501,KR_6752388082,KR_6760510349,KR_6753903126,KR_6634258908,KR_6762578041,KR_6337750620,KR_6765314831,KR_6765369850,KR_6766995805,KR_6552116702,KR_6764372639,KR_6757203865,KR_6754164868,KR_6734753147,KR_6763475274,KR_6759785610,KR_6761486769,KR_6767343346,KR_6734587619,KR_6767569657,KR_6758276140,KR_6708533333,KR_6762943298,KR_6735511739,KR_6732528949,KR_6746892863,KR_6768922211,KR_6740155882,KR_6764038747,KR_6719902821,KR_6762782764,KR_6653309768,KR_6764016423,KR_6728306064,KR_6759151290,KR_6762979922,KR_6767766432,KR_6752566438,KR_6766041029,KR_6765261859,KR_6739269895,KR_6766167894,KR_6622721049,KR_6702193606,KR_6762968687,KR_6768262515,KR_6756062081,KR_6767431196,KR_6648226094,KR_6763267804,KR_6745699074,KR_6765477740,KR_6746078435,KR_6416870944,KR_6766256365,KR_6768890744,KR_6764342577,KR_6767548909,KR_6767132881,KR_6764316526,KR_6764867344,KR_6768938018,KR_6759177324,KR_6726911345,KR_6766012428,KR_6768546883,KR_6660988261,KR_6765103021,KR_6698836114,KR_6672605687,KR_6766745149,KR_6767593251,KR_6755538297,KR_6758729279,KR_6748710386,KR_6724844252,KR_6768735049,KR_6755002594,KR_6767313609,KR_6740800397,KR_6640697821,KR_6764268445,KR_6755983459,KR_6729695531,KR_6750745486,KR_6765505804,KR_6673040681,KR_6697076650,KR_6734070881,KR_6746517447,KR_6767361366,KR_6760988142,KR_6766714212,KR_6727473443,KR_6746486665,KR_6601464549,KR_6765293060,KR_6728485600,KR_6746002979,KR_6765933490,KR_6753892845,KR_6745773576,KR_6756546007,KR_6768703360,KR_6763376640,KR_6762311467,KR_6765277031,KR_6759313970,KR_6762571642,KR_6753936165,KR_6643318432,KR_6767230193,KR_6769110121,KR_6762752888,KR_6765636629,KR_6674087314,KR_6765390180,KR_6743206620,KR_6753955856,KR_6653715681,KR_6709915583,KR_6763344700,KR_6647693212,KR_6758856130,KR_6763205386,KR_6635285989,KR_6594916007,KR_6765344022,KR_6727554748,KR_6502682229,KR_6726896647,KR_6754593365,KR_6702730342,KR_6768623757,KR_6760876298,KR_6745190144,KR_6768471842,KR_6748991872,KR_6766782979,KR_6768766375,KR_6759609359,KR_6653663803,KR_6652877911,KR_6768515547,KR_6762828690,KR_6753701420,KR_6750495431,KR_6763683391,KR_6692838294,KR_6765516155,KR_6735611992,KR_6761360947,KR_6628349751,KR_6768166633,KR_6768563577,KR_6729979991,KR_6763245789,KR_6745045395,KR_6742551267,KR_6767494160,KR_6768954116,KR_6687129493,KR_6758255754,KR_6705895358,KR_6758321566,KR_6755153201,KR_6679688525,KR_6767341610,KR_6722832091,KR_6744865424,KR_6716692077,KR_6766021659,KR_6729979906,KR_6765055179,KR_6761226542,KR_6604239347,KR_6754336827,KR_6746997974,KR_6731444487,KR_6755036966,KR_6769228651,KR_6734126881,KR_6765183853,KR_6761200587,KR_6760877900,KR_6760037038,KR_6653078142,KR_6497599756,KR_6732433813,KR_6649928176,KR_6496220191,KR_6745503342,KR_6756985492,KR_6759606353,KR_6670596812,KR_6733197454,KR_6751486323,KR_6720180309,KR_6758826636,KR_6768834413,KR_6691305580,KR_6695535783,KR_6753996540,KR_6766203369,KR_6750792873,KR_6768017754,KR_6709454744,KR_6751051023,KR_6749101966,KR_6742418823,KR_6756688267,KR_6701460608,KR_6756813599,KR_6754607275,KR_6746983628,KR_6726917040,KR_6745444701,KR_6735470563,KR_6761287344,KR_6759300589,KR_6765904819,KR_6698280334,KR_6692654617,KR_6719581659,KR_6739030185,KR_6768111260,KR_6751872693,KR_6745576235,KR_6699164449,KR_6768511027,KR_6756319555,KR_6686720748,KR_6768830870,KR_6734612547,KR_6769129692,KR_6768061289,KR_6764601970,KR_6768984657,KR_6755820945,KR_6758894171,KR_6762755370,KR_6636598936,KR_6768122699,KR_6764634317,KR_6614123842,KR_6687285940,KR_6748372645,KR_6616832662,KR_6768121741,KR_6755031312,KR_6741920885,KR_6764347435,KR_6760880343,KR_6663289424,KR_6758209092,KR_6761792870,KR_6620409845,KR_6745539442,KR_6759138602,KR_6762542404,KR_6664681158,KR_6765077054,KR_6724616558,KR_6764271462,KR_6740840309,KR_6711002015,KR_6763558184,KR_6763255389,KR_6687135404,KR_6665417693,KR_6742368582,KR_6766221756,KR_6757671635,KR_6696406981,KR_6762575423,KR_6767289892,KR_6750816927,KR_6716893061,KR_6752687552,KR_6739615769,KR_6766189279,KR_6758757868,KR_6764960449,KR_6731125347,KR_6767260407,KR_6712001741,KR_6769045383,KR_6724644912,KR_6712318720,KR_6728129509,KR_6762267066,KR_6740326540,KR_6759305159,KR_6743481813,KR_6700920915,KR_6716553240,KR_6753704980,KR_6763257202,KR_6726303303,KR_6767772080,KR_6607469026,KR_6745261959,KR_6623372928,KR_6565130592,KR_6728212794,KR_6696990133,KR_6676755969,KR_6761800948,KR_6756016089,KR_6765508038,KR_6736970880,KR_6758298164,KR_6765329571,KR_6728105594,KR_6565083518,KR_6730889208,KR_6767160473,KR_6721063950,KR_6762472422,KR_6753485606,KR_6747043244,KR_6726094272,KR_6753944881,KR_6748782827,KR_6763513765,KR_6768018987,KR_6750038676,KR_6746113453,KR_6741519060,KR_6637880032,KR_6764163974,KR_6758943078,KR_6747112287,KR_6745318830,KR_6552266986,KR_6754187559,KR_6760442648,KR_6764467396,KR_6761512676,KR_6730205207,KR_6740785254,KR_6744098137,KR_6760974366,KR_6759561144,KR_6749221533,KR_6674321026,KR_6674242627,KR_6633305029,KR_6766096107,KR_6765738123,KR_6745041268,KR_6506741744,KR_6768341412,KR_6763106934,KR_6764718383,KR_6767813331,KR_6692818565,KR_6739533464,KR_6604255829,KR_6765299306,KR_6508679967,KR_6768413629,KR_6763265451,KR_6763145734,KR_6617305670,KR_6748339857,KR_6761333310,KR_6758433989,KR_6765136483,KR_6762004990,KR_6766712587,KR_6755798798,KR_6717735524,KR_6743429403,KR_6730847569,KR_6767264942,KR_6767737904,KR_6766236880,KR_6761957074,KR_6765204292,KR_6717936353,KR_6767037327,KR_6747421746,KR_6768415987,KR_6769081162,KR_6758991114,KR_6768958243,KR_6764384076,KR_6766624522,KR_6739598179,KR_6746952202,KR_6769208519,KR_6648292895,KR_6752975881,KR_6738180921,KR_6751153183,KR_6767995512,KR_6720478795,KR_6744056912,KR_6767267721,KR_6652973209,KR_6721999312,KR_6655680775,KR_6675499907,KR_6764163105,KR_6756932698,KR_6743329647,KR_6759442037,KR_6767707959,KR_6743580334,KR_6735564089,KR_6703674148,KR_6768491280,KR_6689577770,KR_6739411324,KR_6722586820,KR_6758294985,KR_6756277425,KR_6768861121,KR_6715238020,KR_6693949194,KR_6687442080,KR_6689209462,KR_6682202991,KR_6762244091,KR_6706804876,KR_6734773122,KR_6610263995,KR_6722420988,KR_6758828266,KR_6721879181,KR_6732034990,KR_6751329624,KR_6753320986,KR_6739272092,KR_6763420735,KR_6764584310,KR_6766726774,KR_6649768106,KR_6765003826,KR_6765658774,KR_6729811814,KR_6687575405,KR_6750867192,KR_6764887629,KR_6742433321,KR_6768376463,KR_6691117143,KR_6727931551,KR_6767098368,KR_6768985817,KR_6761633081,KR_6742505370,KR_6755999932,KR_6718781382,KR_6762277214,KR_6691689449,KR_6727831585,KR_6742058178,KR_6735282859,KR_6768781962,KR_6747500627,KR_6746512544,KR_6766049290,KR_6752091118,KR_6759674578,KR_6768284746,KR_6768943016,KR_6730564845,KR_6756254533,KR_6689015653,KR_6764416003,KR_6752612320,KR_6747137188,KR_6730124619,KR_6745390772,KR_6740735871,KR_6763486459,KR_6601743244,KR_6760971118,KR_6761824050,KR_6674026937,KR_6724917293,KR_6633309859,KR_6763455122,KR_6700654810,KR_6731588214,KR_6762598979,KR_6716483121,KR_6754679042,KR_6731392659,KR_6731551730,KR_6762323234,KR_6762843764,KR_6737210327,KR_6766387815,KR_6694379506,KR_6745296797,KR_6763605365,KR_6727730821,KR_6749488436,KR_6767150542,KR_6765086176,KR_6673121856,KR_6767396247,KR_6660830123,KR_6697172942,KR_6745580066,KR_6753608702,KR_6573128050,KR_6754375951,KR_6768073671,KR_6597396424,KR_6740546444,KR_6755629955,KR_6765615387,KR_6763881532,KR_6689951503,KR_6743970445,KR_6758533430,KR_6712757950,KR_6766116206,KR_6754635238,KR_6765761712,KR_6660651972,KR_6754688940,KR_6757692700,KR_6738930676,KR_6686601985,KR_6768253603,KR_6767452181,KR_6769040986,KR_6768092318,KR_6671571105,KR_6752890339,KR_6752343668,KR_6707585349,KR_6696121705,KR_6754630167,KR_6745744547,KR_6767112196,KR_6768268821,KR_6768246107,KR_6727958950,KR_6697113947,KR_6735508400,KR_6731412536,KR_6661012766,KR_6753033373,KR_6758839900,KR_6744569898,KR_6644150300,KR_6613013771,KR_6760099996,KR_6738758568,KR_6753273884,KR_6687618161,KR_6763479178,KR_6752431032,KR_6617161765,KR_6721216920,KR_6703652382,KR_6732833043,KR_6759450239,KR_6698203043,KR_6764659723,KR_6703065524,KR_6743442133,KR_6768729067,KR_6743281361,KR_6579102066,KR_6713036420,KR_6684691181,KR_6767872018,KR_6768458395,KR_6761745221,KR_6727656196,KR_6617442828,KR_6714461637,KR_6760047252,KR_6761969246,KR_6735980231,KR_6759863332,KR_6755051406,KR_6761994118,KR_6766714106,KR_6754605792,KR_6733844409,KR_6762857306,KR_6742328656,KR_6623308360,KR_6737303082,KR_6744795874,KR_6762466013,KR_6607197439,KR_6726103823,KR_6767201602,KR_6769027442,KR_6756925385,KR_6741903066,KR_6761973422,KR_6733866973,KR_6719994521,KR_6751328085,KR_6761606825,KR_6692069214,KR_6755296380,KR_6706952923,KR_6723518503,KR_6766187387,KR_6767640098,KR_6612078793,KR_6767872607,KR_6727746981,KR_6766925217,KR_6767194774,KR_6756439997,KR_6768859317,KR_6766550199,KR_6749653939,KR_6757748955,KR_6678035886,KR_6686997988,KR_6765887177,KR_6756473630,KR_6761990147,KR_6723919210,KR_6735339062,KR_6766419448,KR_6632140033,KR_6719752333,KR_6650186783,KR_6762458646,KR_6758359298,KR_6688619644,KR_6758876405,KR_6648546249,KR_6767154296,KR_6763052327,KR_6763442130,KR_6763165721,KR_6743580734,KR_6762751284,KR_6765478430,KR_6720893467,KR_6761785987,KR_6707618158,KR_6768569775,KR_6650474632,KR_6746984530,KR_6760787641,KR_6567695783,KR_6757722205,KR_6686657594,KR_6750185874,KR_6759778813,KR_6761202072,KR_6712196277,KR_6762136052,KR_6680621493,KR_6763322702,KR_6758969012,KR_6749479535,KR_6506761116,KR_6698915643,KR_6767323653,KR_6720623825,KR_6742052243,KR_6720338414,KR_6734277702,KR_6703064839,KR_6765473988,KR_6692608643,KR_6399931678,KR_6749307826,KR_6766052589,KR_6766490619,KR_6740324767,KR_6690895352,KR_6750017346,KR_6764967217,KR_6698144454,KR_6736007307,KR_6742551495,KR_6728935153,KR_6761591859,KR_6761750486,KR_6768313409,KR_6674977918,KR_6768528525,KR_6768823513,KR_6732818879,KR_6749038019,KR_6755104242,KR_6762060154,KR_6761175077,KR_6768352940,KR_6762027913,KR_6692631648,KR_6765730998,KR_6744038262,KR_6769089566,KR_6753865291,KR_6767653947,KR_6744522021,KR_6631772126,KR_6755052950,KR_6761371933,KR_6749825300,KR_6616569447,KR_6725382940,KR_6761447073,KR_6608787020,KR_6769032161,KR_6753234235,KR_6764219237,KR_6751994743,KR_6597561011,KR_6767709833,KR_6768406409,KR_6761990748,KR_6762702576,KR_6750029743,KR_6730891805,KR_6764757029,KR_6764818262,KR_6760665895,KR_6763706919,KR_6755974002,KR_6692907221,KR_6747841726,KR_6745389929,KR_6658968512,KR_6745961479,KR_6768489913,KR_6767685792,KR_6290376684,KR_6737797151,KR_6760829590,KR_6762532250,KR_6768115925,KR_6692226418,KR_6741155641,KR_6637795013,KR_6765431603,KR_6763170741,KR_6769161863,KR_6502726717,KR_6764717488,KR_6712048601,KR_6718840351,KR_6758048224,KR_6748946081,KR_6639865369,KR_6766757871,KR_6732485931,KR_6726841538,KR_6703517357,KR_6767893668,KR_6731879304,KR_6760062469,KR_6679919955,KR_6763940182,KR_6638282874,KR_6768690026,KR_6720435200,KR_6754304729,KR_6752780307,KR_6766560223,KR_6755604707,KR_6638200947,KR_6749691270,KR_6753511104,KR_6765202759,KR_6728393775,KR_6763766133,KR_6751741898,KR_6762412501,KR_6762506099,KR_6752902571,KR_6657933609,KR_6745945066,KR_6724675310,KR_6751790648,KR_6740024757,KR_6754072780,KR_6664810714,KR_6761862178,KR_6766941569,KR_6761222929,KR_6699743832,KR_6762476492,KR_6726457207,KR_6766846546,KR_6661973631,KR_6746429147,KR_6768731448,KR_6764011920,KR_6759171690,KR_6708408965,KR_6748111905,KR_6756773642,KR_6762813617,KR_6755998735,KR_6769186237,KR_6653595580,KR_6764860023,KR_6694537643,KR_6768213922,KR_6750115550,KR_6739741299,KR_6748724788,KR_6657255146,KR_6765030441,KR_6649033070,KR_6756531413,KR_6632453043,KR_6764188977,KR_6751858650,KR_6736062356,KR_6766283389,KR_6751472629,KR_6679904210,KR_6728390602,KR_6758058056,KR_6674494453,KR_6766787788,KR_6755508055,KR_6721208190,KR_6768754068,KR_6739227481,KR_6745317267,KR_6767028721,KR_6738358467,KR_6756783444,KR_6756538443,KR_6690655710,KR_6767130859,KR_6752284998,KR_6764941432,KR_6754109961,KR_6679181639,KR_6766978132,KR_6628399276,KR_6721184166,KR_6764625798,KR_6763598363,KR_6757511712,KR_6691709903,KR_6767097011,KR_6767086788,KR_6730058041,KR_6704344029,KR_6765547585,KR_6753244785,KR_6734775552,KR_6746372260,KR_6693917485,KR_6704183586,KR_6739220501,KR_6738183348,KR_6747161550,KR_6690045825,KR_6761393650,KR_6728653946,KR_6752234931,KR_6750268029,KR_6767357342,KR_6735491647,KR_6746354424,KR_6661304942,KR_6683184306,KR_6750798810,KR_6724399379,KR_6629385690,KR_6602807228,KR_6768650935,KR_6768635467,KR_6767585373,KR_6728500303,KR_6732058226,KR_6763219976,KR_6765120986,KR_6754613435,KR_6765661799,KR_6767404623,KR_6732259998,KR_6761133126,KR_6765596237,KR_6763581230,KR_6757491263,KR_6734481906,KR_6762411417,KR_6758013864,KR_6653599432,KR_6740742115,KR_6768300993,KR_6766242010,KR_6766445255,KR_6738732645,KR_6739850225,KR_6734394561,KR_6675006053,KR_6761685804,KR_6767643212,KR_6753092583,KR_6723577033,KR_6767427511,KR_6763517763,KR_6732402696,KR_6766912084,KR_6743517374,KR_6728912960,KR_6761188541,KR_6696627188,KR_6750174124,KR_6734058198,KR_6764107822,KR_6765138641,KR_6767489243,KR_6740645482,KR_6759265401,KR_6763560572,KR_6750567029,KR_6758314044,KR_6749307205,KR_6729046634,KR_6764644978,KR_6748897261,KR_6729112787,KR_6747510488,KR_6746150293,KR_6730764251,KR_6725387133,KR_6765675536,KR_6727504416,KR_6732185432,KR_6757361610,KR_6761392232,KR_6683959728,KR_6761823294,KR_6732552555,KR_6763662417,KR_6766635483,KR_6743277372,KR_6743977598,KR_6763745915,KR_6761696779,KR_6766443441,KR_6738512631,KR_6763906271,KR_6767754036,KR_6762263252,KR_6763720791,KR_6736065283,KR_6767194296,KR_6646155287,KR_6765324841,KR_6759576296,KR_6764352930,KR_6708338625,KR_6757498228,KR_6757073821,KR_6767225185,KR_6768732372,KR_6765423236,KR_6694875699,KR_6763620094,KR_6763695781,KR_6766177574,KR_6764448381,KR_6757656168,KR_6753511385,KR_6766376432,KR_6768169934,KR_6745372933,KR_6727499659,KR_6767021136,KR_6707638108,KR_6739804562,KR_6744896650,KR_6752093925,KR_6767792778,KR_6734340090,KR_6765048506,KR_6759657048,KR_6718193627,KR_6762866509,KR_6767567375,KR_6762251805,KR_6762359601,KR_6768054762,KR_6617114863,KR_6704309547,KR_6752370640,KR_6729954115,KR_6749599811,KR_6764357185,KR_6728547057,KR_6760705657,KR_6681889951,KR_6762389389,KR_6755846601,KR_6614698512,KR_6726801585,KR_6696970507,KR_6766104943,KR_6732998660,KR_6759116692,KR_6756802051,KR_6727527239,KR_6743484187,KR_6654802166,KR_6767422983,KR_6768246056,KR_6726565585,KR_6751822633,KR_6753019421,KR_6764329667,KR_6765339460,KR_6745216703,KR_6730859809,KR_6764895123,KR_6746966088,KR_6757282376,KR_6753208165,KR_6726158872,KR_6727565665,KR_6735235981,KR_6750881765,KR_6650057681,KR_6752174655,KR_6766129188,KR_6758242297,KR_6743503458,KR_6686328782,KR_6742053976,KR_6763358193,KR_6616650734,KR_6761170922,KR_6598618195,KR_6763225816,KR_6727536139,KR_6701746661,KR_6728592680,KR_6719752052,KR_6768124365,KR_6724558177,KR_6752231219,KR_6765230594,KR_6768011690,KR_6621316264,KR_6764086512,KR_6753172235,KR_6756146885,KR_6768806971,KR_6764023146,KR_6745180699,KR_6768846500,KR_6767567833,KR_6622305701,KR_6702462786,KR_6737442926,KR_6730098670,KR_6760183635,KR_6639620066,KR_6766076806,KR_6763053851,KR_6769188844,KR_6769066550,KR_6723286556,KR_6766705491,KR_6768571397,KR_6738458301,KR_6741448582,KR_6750635764,KR_6768315605,KR_6759970491,KR_6740084449,KR_6768124460,KR_6766058542,KR_6733177477,KR_6732270349,KR_6748423553,KR_6602759901,KR_6761522855,KR_6716279585,KR_6648335495,KR_6748513403,KR_6583877788,KR_6763713495,KR_6765462934,KR_6750393300,KR_6761437716,KR_6677570363,KR_6652930823,KR_6761086925,KR_6741722713,KR_6638003869,KR_6719990324,KR_6720573810,KR_6754554186,KR_6742492943,KR_6767554559,KR_6767305225,KR_6763043762,KR_6695054079,KR_6726019989,KR_6754731123,KR_6750220752,KR_6765964279,KR_6643137081,KR_6651465396,KR_6760535497,KR_6706299897,KR_6763038170,KR_6705844138,KR_6670299286,KR_6645136657,KR_6765014967,KR_6759622278,KR_6731762137,KR_6762976006,KR_6764447812,KR_6687819058,KR_6722354626,KR_6767505868,KR_6760500689,KR_6732572660,KR_6677995196,KR_6768576062,KR_6697289297,KR_6654777526,KR_6759422712,KR_6753354804,KR_6761032098,KR_6765685843,KR_6758937153,KR_6762857711,KR_6768104817,KR_6750877327,KR_6764787811,KR_6742519349,KR_6737859677,KR_6764154600,KR_6739550162,KR_6754620538,KR_6765368899,KR_6767189162,KR_6767381844,KR_6763705551,KR_6764023446,KR_6673128169,KR_6768890023,KR_6768406814,KR_6708619321,KR_6750136227,KR_6760946186,KR_6766676403,KR_6739439114,KR_6690749694,KR_6760830935,KR_6764831158,KR_6732713927,KR_6751517103,KR_6761115515,KR_6508264601,KR_6746894537,KR_6759022039,KR_6688924737,KR_6760645087,KR_6767589040,KR_6741470172,KR_6672237325,KR_6758425220,KR_6766866059,KR_6769158439,KR_6768240944,KR_6735643482,KR_6767439463,KR_6758062433,KR_6765639000,KR_6698252089,KR_6743742531,KR_6710711071,KR_6617373238,KR_6722097406,KR_6762967472,KR_6759840127,KR_6766675398,KR_6762006967,KR_6762247711,KR_6620919017,KR_6751684425,KR_6767691980,KR_6749375297,KR_6761360896,KR_6764277883,KR_6767121764,KR_6765770360,KR_6767331457,KR_6766198629,KR_6646040440,KR_6730365860,KR_6698696942,KR_6659577983,KR_6765060222,KR_6766539650,KR_6708349809,KR_6754801108,KR_6725828208,KR_6646746764,KR_6653491090,KR_6747669703,KR_6763237916,KR_6766710651,KR_6727234891,KR_6767618344,KR_6729004592,KR_6755375792,KR_6760119734,KR_6640489914,KR_6765355702,KR_6734675624,KR_6739275450,KR_6759766011,KR_6593376919,KR_6693692175,KR_6740864825,KR_6750775302,KR_6757391535,KR_6578888906,KR_6764004158,KR_6760308573,KR_6762525323,KR_6756432022,KR_6756682191,KR_6710663796,KR_6764322162,KR_6767779761,KR_6712827386,KR_6724064840,KR_6758791959,KR_6716263571,KR_6734051200,KR_6753910458,KR_6736086307,KR_6766933437,KR_6634964610,KR_6542306161,KR_6762383601,KR_6697750852,KR_6697836482,KR_6726687412,KR_6755316246,KR_6752310909,KR_6760991906,KR_6508460886,KR_6556810621,KR_6765358605,KR_6764864107,KR_6728161608,KR_6767502753,KR_6762585100,KR_6732189914,KR_6656908661,KR_6765547955,KR_6704645222,KR_6681759547,KR_6764959738,KR_6752911879,KR_6751360500,KR_6700892068,KR_6679103306,KR_6766588404,KR_6736025134,KR_6752981313,KR_6752002097,KR_6648132854,KR_6760825498,KR_6758327720,KR_6768719228,KR_6759225915,KR_6763425000,KR_6730885787,KR_6765528163,KR_6764530751,KR_6761063817,KR_6719187899,KR_6767207061,KR_6655029334,KR_6729409463,KR_6754059907,KR_6766915528,KR_6766657872,KR_6689938029,KR_6735258027,KR_6758761860,KR_6753386629,KR_6656871772,KR_6724266951,KR_6744505350,KR_6762777601,KR_6762622164,KR_6758769130,KR_6769175289,KR_6668494856,KR_6768729581,KR_6691342114,KR_6768083963,KR_6760006856,KR_6747071233,KR_6675248168,KR_6765062028,KR_6742965463,KR_6758673368,KR_6660420371,KR_6531478238,KR_6758979745,KR_6762435326,KR_6760146263,KR_6762257245,KR_6648030217,KR_6768686357,KR_6762620958,KR_6730319903,KR_6758856187,KR_6730818990,KR_6767545151,KR_6756758884,KR_6708872165,KR_6721911915,KR_6749521529,KR_6648918749,KR_6727582803,KR_6746912843,KR_6760847624,KR_6635220567,KR_6765793871,KR_6758798489,KR_6761359322,KR_6734513837,KR_6742990471,KR_6658111892,KR_6766151714,KR_6755545946,KR_6670388442,KR_6730950685,KR_6701819375,KR_6719837697,KR_6767485675,KR_6738691824,KR_6749742084,KR_6736328513,KR_6680073933,KR_6750494263,KR_6664438168,KR_6767765914,KR_6736722933,KR_6746916627,KR_6743364677,KR_6762489127,KR_6737996386,KR_6720157533,KR_6763956590,KR_6740782513,KR_6768281345,KR_6763148544,KR_6767742185,KR_6760919955,KR_6764067299,KR_6742145884,KR_6765961754,KR_6751616638,KR_6760794505,KR_6765903985,KR_6664829544,KR_6753094066,KR_6616825487,KR_6736290582,KR_6749722896,KR_6649732445,KR_6734613002,KR_6765598912,KR_6767492197,KR_6764107600,KR_6758059287,KR_6747090601,KR_6734639411,KR_6761390639,KR_6763408653,KR_6764269874,KR_6768063259,KR_6768023426,KR_6748920503,KR_6732251479,KR_6659206246,KR_6760925263,KR_6692199822,KR_6753575986,KR_6743385428,KR_6736429386,KR_6747761885,KR_6760896397,KR_6755726160,KR_6754207087,KR_6706192421,KR_6748445783,KR_6760575923,KR_6707648374,KR_6735644388,KR_6745691567,KR_6760419281,KR_6767333032,KR_6739560411,KR_6750626654,KR_6743274845,KR_6766652518,KR_6767555056,KR_6738848408,KR_6751672100,KR_6758988581,KR_6740457097,KR_6677448397,KR_6766302460,KR_6758952425,KR_6694572801,KR_6767752549,KR_6764509557,KR_6705603610,KR_6765546863,KR_6757318235,KR_6762596715,KR_6730594019,KR_6766870090,KR_6766989933,KR_6747470702,KR_6758712784,KR_6767092321,KR_6698119976,KR_6719067506,KR_6752407365,KR_6723720869,KR_6759890147,KR_6720013264,KR_6763339730,KR_6762297263,KR_6720543525,KR_6762923572,KR_6767674029,KR_6597517280,KR_6724658878,KR_6768975566,KR_6746292356,KR_6759050416,KR_6756224947,KR_6761662307,KR_6689956350,KR_6740032768,KR_6768265077,KR_6766022959,KR_6604245648,KR_6758231895,KR_6745260618,KR_6736417899,KR_6761246877,KR_6750308432,KR_6758966765,KR_6613339484,KR_6713279404,KR_6719897742,KR_6759619516,KR_6767276299,KR_6763562511,KR_6769153347,KR_6685260443,KR_6743681073,KR_6620451441,KR_6734465624,KR_6761972147,KR_6761986593,KR_6766085485,KR_6735594057,KR_6743766367,KR_6754600363,KR_6753378648,KR_6672103200,KR_6761162894,KR_6753534486,KR_6765619533,KR_6756850974,KR_6720986261,KR_6768121537,KR_6626448853,KR_6765228377,KR_6764214204,KR_6636907750,KR_6766240032,KR_6724488177,KR_6761625764,KR_6766962849,KR_6730892376,KR_6763238295,KR_6768796267,KR_6759394406,KR_6764930282,KR_6768873209,KR_6651066280,KR_6757685483,KR_6728939068,KR_6762564564,KR_6768514163,KR_6768489328,KR_6753236435,KR_6638045738,KR_6706503831,KR_6760536343,KR_6701807883,KR_6762812243,KR_6763832866,KR_6730842469,KR_6734239220,KR_6737261849,KR_6723187836,KR_6735476406,KR_6767461584,KR_6765539688,KR_6753920865,KR_6767185058,KR_6755658308,KR_6768443164,KR_6765431742,KR_6759663814,KR_6765616555,KR_6762273435,KR_6764340210,KR_6621087826,KR_6766330760,KR_6767689771,KR_6761457096,KR_6752049417,KR_6762808999,KR_6597546197,KR_6762252696,KR_6763803721,KR_6717031040,KR_6734651364,KR_6672678270,KR_6733013536,KR_6721267241,KR_6693164123,KR_6759224779,KR_6768888955,KR_6735053800,KR_6752809808,KR_6760543680,KR_6768657702,KR_6763496739,KR_6758289437,KR_6769108559,KR_6763132508,KR_6637846589,KR_6764726727,KR_6767356850,KR_6708030924,KR_6652905124,KR_6760743044,KR_6761345384,KR_6763858889,KR_6695197700,KR_6758713724,KR_6717290645,KR_6761321123,KR_6768227633,KR_6741782098,KR_6762349991,KR_6768227929,KR_6743523081,KR_6765605161,KR_6751210075,KR_6629678554,KR_6732787571,KR_6763630346,KR_6757423752,KR_6659128259,KR_6749097442,KR_6715534133,KR_6756487344,KR_6762346274,KR_6713238969,KR_6765483820,KR_6730458077,KR_6732338406,KR_6734606942,KR_6767095921,KR_6767558333,KR_6732943657,KR_6734401026,KR_6768131037,KR_6754483689,KR_6729038397,KR_6758883423,KR_6746008519,KR_6745383239,KR_6752415394,KR_6748396301,KR_6765046958,KR_6708059156,KR_6653451675,KR_6754611871,KR_6740795487,KR_6768806563,KR_6755859086,KR_6667089853,KR_6744909721,KR_6623386211,KR_6690010596,KR_6763509876,KR_6752821601,KR_6723676836,KR_6762939927,KR_6763256584,KR_6727821524,KR_6650108802,KR_6767717275,KR_6611031101,KR_6767545401,KR_6717974490,KR_6769085235,KR_6762588493,KR_6667834091,KR_6768728188,KR_6717882980,KR_6751259373,KR_6766242063,KR_6768796889,KR_6762158090,KR_6753711275,KR_6765490260,KR_6765235792,KR_6647215770,KR_6766155883,KR_6745042217,KR_6640259317,KR_6760034300,KR_6736627462,KR_6740768749,KR_6768031098,KR_6761383982,KR_6765929978,KR_6749986906,KR_6763349325,KR_6759626591,KR_6752937920,KR_6762830373,KR_6750504791,KR_6760367358,KR_6708908655,KR_6764399756,KR_6624135962,KR_6769158103,KR_6768939521,KR_6765523085,KR_6755787594,KR_6731710834,KR_6768168735,KR_6765919025,KR_6768011753,KR_6766309718,KR_6738258117,KR_6730630460,KR_6764749805,KR_6768516678,KR_6762580449,KR_6739624859,KR_6728469454,KR_6734439395,KR_6761506099,KR_6754853015,KR_6757380981,KR_6722509428,KR_6762209035,KR_6718174851,KR_6726522363,KR_6763065952,KR_6721169289,KR_6768805975,KR_6767762553,KR_6768872551,KR_6650791357,KR_6729856882,KR_6654414007,KR_6765807758,KR_6735665179,KR_6749608247,KR_6732657602,KR_6756248415,KR_6726273787,KR_6768853587,KR_6764318498,KR_6764452827,KR_6756936804,KR_6727578090,KR_6757203119,KR_6719094933,KR_6751098870,KR_6767376088,KR_6764761185,KR_6732596103,KR_6767227011,KR_6660551983,KR_6754601811,KR_6758882823,KR_6768971682,KR_6752073366,KR_6760475431,KR_6769003350,KR_6743564731,KR_6753311823,KR_6754875334,KR_6762620257,KR_6696817817,KR_6673765086,KR_6763357813,KR_6766152534,KR_6763938530,KR_6712993061,KR_6680284594,KR_6767677327,KR_6730793957,KR_6743295677,KR_6751399931,KR_6757618755,KR_6705086097,KR_6746336550,KR_6767393146,KR_6731345364,KR_6692868815,KR_6673080927,KR_6766219954,KR_6766882883,KR_6763285207,KR_6742469196,KR_6767191915,KR_6763128058,KR_6722865000,KR_6768481691,KR_6734037652,KR_6761930370,KR_6759117197,KR_6765539565,KR_6745998217,KR_6748948702,KR_6721072954,KR_6766681916,KR_6751434742,KR_6766835558,KR_6620228737,KR_6695196825,KR_6708466712,KR_6747507648,KR_6764668931,KR_6735291222,KR_6763827460,KR_6755816556,KR_6766256335,KR_6714081230,KR_6710714867,KR_6679315189,KR_6734089905,KR_6764088437,KR_6750344200,KR_6745006171,KR_6747843391,KR_6689706636,KR_6728222676,KR_6768361654,KR_6762803262,KR_6767477018,KR_6766233760,KR_6750145705,KR_6761375455,KR_6758631928,KR_6768971874,KR_6768954756,KR_6735442838,KR_6754878432,KR_6761298184,KR_6768560216,KR_6760572903,KR_6669955085,KR_6749507176,KR_6759134666,KR_6625098895,KR_6645056069,KR_6754620884,KR_6768573712,KR_6746236788,KR_6715653429,KR_6768487474,KR_6740377382,KR_6743054287,KR_6722398698,KR_6756481493,KR_6681064401,KR_6753153452,KR_6752306829,KR_6769112197,KR_6760963210,KR_6618241376,KR_6723915822,KR_6769016503,KR_6751733321,KR_6760675284,KR_6757562201,KR_6763699356,KR_6768021572,KR_6752417592,KR_6730214159,KR_6748246353,KR_6767390266,KR_6767067404,KR_6508392094,KR_6721851203,KR_6768732961,KR_6760762504,KR_6765203177,KR_6593392313,KR_6759219424,KR_6769199113,KR_6747891332,KR_6701388683,KR_6765470693,KR_6714494843,KR_6692190046,KR_6758838087,KR_6647901756,KR_6706406193,KR_6660928404,KR_6724531914,KR_6726635820,KR_6733727017,KR_6758786899,KR_6647153622,KR_6739170266,KR_6683168821,KR_6757166874,KR_6767293951,KR_6754402912,KR_6766617188,KR_6763088695,KR_6769184847,KR_6765896214,KR_6739300980,KR_6750469470,KR_6726820470,KR_6743748221,KR_6651809773,KR_6765876026,KR_6745511150,KR_6693230641,KR_6748902718,KR_6767869206,KR_6765205474,KR_6767430805,KR_6768240874,KR_6701528906,KR_6754421919,KR_6737485892,KR_6748835266,KR_6754950771,KR_6568874048,KR_6756411007,KR_6699596638,KR_6763428931,KR_6760782656,KR_6725648832,KR_6767412101,KR_6643394779,KR_6718824408,KR_6767988923,KR_6759469273,KR_6579043930,KR_6756062881,KR_6564965142,KR_6768499473,KR_6762458537,KR_6715710654,KR_6767911990,KR_6751549149,KR_6741867248,KR_6755662810,KR_6764017248,KR_6754640412,KR_6688560955,KR_6762520674,KR_6746419213,KR_6674231713,KR_6766571881,KR_6653132133,KR_6722292721,KR_6767261243,KR_6766141022,KR_6749568747,KR_6768613462,KR_6746339548,KR_6763747321,KR_6683042959,KR_6734651874,KR_6762617837,KR_6728478846,KR_6695167378,KR_6746430529,KR_6762301585,KR_6650902956,KR_6715096456,KR_6768403819,KR_6745650017,KR_6700024634,KR_6629596097,KR_6738262717,KR_6579010164,KR_6762231126,KR_6767547006,KR_6768587553,KR_6762492377,KR_6751727878,KR_6704099822,KR_6714303027,KR_6679057763,KR_6764741458,KR_6713780017,KR_6765970249,KR_6717395077,KR_6743313893,KR_6697612504,KR_6765386160,KR_6768366049,KR_6614579311,KR_6685856646,KR_6747196808,KR_6767284663,KR_6765669039,KR_6743624354,KR_6730090986,KR_6654948106,KR_6756855182,KR_6763140938,KR_6734643641,KR_6749647568,KR_6764861179,KR_6763249957,KR_6663329882,KR_6661325746,KR_6752484061,KR_6746218112,KR_6735045949,KR_6767541079,KR_6761855446,KR_6767260231,KR_6760756007,KR_6747985961,KR_6755542358,KR_6767981632,KR_6747227377,KR_6761883326,KR_6753457441,KR_6768257620,KR_6766257802,KR_6679592591,KR_6766155111,KR_6289019547,KR_6768189985,KR_6763748009,KR_6759397463,KR_6746897270,KR_6461638041,KR_6761900826,KR_6763921320,KR_6723173033,KR_6752613075,KR_6614176195,KR_6720346205,KR_6761481474,KR_6663966337,KR_6716535110,KR_6737469116,KR_6712468185,KR_6765187639,KR_6704060852,KR_6759917896,KR_6666922402,KR_6697030402,KR_6739105928,KR_6701685728,KR_6761865811,KR_6767405520,KR_6692789991,KR_6689354332,KR_6760416970,KR_6707538472,KR_6767555198,KR_6759123436,KR_6762618837,KR_6759727675,KR_6734283582,KR_6752725873,KR_6761850375,KR_6767454736,KR_6731752861,KR_6757234195,KR_6762499213,KR_6767229821,KR_6760550186,KR_6768795950,KR_6723234605,KR_6706879702,KR_6763396729,KR_6759252185,KR_6698576097,KR_6762449280,KR_6629226062,KR_6761431120,KR_6759558454,KR_6708451950,KR_6757587612,KR_6766443586,KR_6765891373,KR_6739761128,KR_6767916644,KR_6769133211,KR_6768439658,KR_6759397279,KR_6739488093,KR_6766122215,KR_6666327844,KR_6730661360,KR_6759883823,KR_6767263797,KR_6762218139,KR_6759752195,KR_6769096087,KR_6768830641,KR_6749921503,KR_6764264827,KR_6731304543,KR_6768771218,KR_6760890250,KR_6764434574,KR_6719708604,KR_6767688156,KR_6694271150,KR_6756866861,KR_6768153522,KR_6761595599,KR_6531399836,KR_6694454069,KR_6667496394,KR_6759779728,KR_6689154598,KR_6765028224,KR_6756114021,KR_6752325085,KR_6767289661,KR_6756044047,KR_6766586241,KR_6703099128,KR_6763551606,KR_6765986561,KR_6754192231,KR_6761423817,KR_6686678309,KR_6761472253,KR_6637279537,KR_6767279572,KR_6760137724,KR_6763869265,KR_6764767432,KR_6745483360,KR_6761000788,KR_6759113904,KR_6751831803,KR_6762331711,KR_6761248442,KR_6685490840,KR_6690968751,KR_6740123870,KR_6764926293,KR_6674185080,KR_6751386429,KR_6745417351,KR_6756889623,KR_6765448477,KR_6767275173,KR_6750017333,KR_6740674111,KR_6767299706,KR_6757007411,KR_6762419389,KR_6750969697,KR_6758864413,KR_6740256076,KR_6752397992,KR_6764810541,KR_6736083033,KR_6763064338,KR_6746174487,KR_6751962618,KR_6737248560,KR_6766792951,KR_6758248682,KR_6718806636,KR_6752892572,KR_6719832993,KR_6693454133,KR_6768117781,KR_6767781443,KR_6709404785,KR_6738210408,KR_6747938194,KR_6750638918,KR_6735656176,KR_6768572049,KR_6763112043,KR_6652593043,KR_6764950728,KR_6715784059,KR_6768162522,KR_6715990529,KR_6758467419,KR_6729454362,KR_6756317655,KR_6745130511,KR_6730413475,KR_6762963759,KR_6680399493,KR_6690000617,KR_6643087006,KR_6720847050,KR_6764560198,KR_6720245126,KR_6648247829,KR_6761954987,KR_6745596030,KR_6635049848,KR_6768082425,KR_6730773802,KR_6704102909,KR_6737678329,KR_6739916130,KR_6657536748,KR_6753047268,KR_6642097788,KR_6755411170,KR_6765277235,KR_6767558156,KR_6769050536,KR_6698032373,KR_6741806827,KR_6523983145,KR_6759768345,KR_6756870097,KR_6755097441,KR_6768175011,KR_6737974576,KR_6754280425,KR_6768748801,KR_6686010483,KR_6755037601,KR_6704125409,KR_6767723544,KR_6732650256,KR_6758386429,KR_6748949727,KR_6732022020,KR_6768868851,KR_6760936970,KR_6759530475,KR_6736290857,KR_6758224257,KR_6733905857,KR_6767434698,KR_6768857510,KR_6740234533,KR_6762392645,KR_6727952093,KR_6757297197,KR_6657233728,KR_6768910131,KR_6742162843,KR_6766139205,KR_6759235249,KR_6759513016,KR_6763830406,KR_6765260491,KR_6759292188,KR_6766128702,KR_6742567515,KR_6763814658,KR_6763644486,KR_6759608938,KR_6733238224,KR_6760968564,KR_6763966257,KR_6767602854,KR_6764246722,KR_6612805108,KR_6736459336,KR_6766518445,KR_6754093922,KR_6689096888,KR_6763834186,KR_6742491879,KR_6768607215,KR_6763964497,KR_6712928423,KR_6762454417,KR_6715236671,KR_6720503779,KR_6735577323,KR_6760682059,KR_6755621978,KR_6691942054,KR_6629618000,KR_6768288395,KR_6765793685,KR_6699897950,KR_6704159846,KR_6763176674,KR_6705907772,KR_6762523081,KR_6750750389,KR_6741132852,KR_6753937614,KR_6743635310,KR_6768880837,KR_6759609850,KR_6763070060,KR_6748993171,KR_6693521384,KR_6766822468,KR_6766290644,KR_6688882837,KR_6762429479,KR_6759545199,KR_6755766329,KR_6736895570,KR_6651556667,KR_6700895774,KR_6739253404,KR_6396360442,KR_6765445716,KR_6603100222,KR_6767395015,KR_6761421081,KR_6764459193,KR_6762767822,KR_6767521017,KR_6766948658,KR_6765199385,KR_6766805054,KR_6753367789,KR_6758323055,KR_6765166361,KR_6752563947,KR_6731584138,KR_6768925960,KR_6760909216,KR_6767395092,KR_6755810833,KR_6679225051,KR_6740929386,KR_6760897343,KR_6766751933,KR_6769193988,KR_6730273099,KR_6715180694,KR_6692335490,KR_6733179750,KR_6655594810,KR_6759207054,KR_6728247743,KR_6757580323,KR_6762064853,KR_6744823980,KR_6767387415,KR_6764425517,KR_6761441676,KR_6623409343,KR_6755543979,KR_6685447168,KR_6761862087,KR_6644222579,KR_6650215778,KR_6704653237,KR_6765642867,KR_6707009002,KR_6650208721,KR_6732565977,KR_6736567490,KR_6755729548,KR_6750901184,KR_6766876677,KR_6767598783,KR_6766441656,KR_6620365824,KR_6749404238,KR_6626195912,KR_6686565329,KR_6722348094,KR_6672532216,KR_6761551637,KR_6738268433,KR_6766257470,KR_6707616262,KR_6756233328,KR_6757673401,KR_6763224571,KR_6753529498,KR_6743342454,KR_6743656269,KR_6767036062,KR_6758265216,KR_6768613800,KR_6753466346,KR_6755987446,KR_6611908209,KR_6649068872,KR_6757418627,KR_6730524431,KR_6762602090,KR_6764554077,KR_6759268011,KR_6674841815,KR_6687640381,KR_6704495096,KR_6768767220,KR_6741575305,KR_6759953561,KR_6767168395,KR_6753937493,KR_6764570338,KR_6768872860,KR_6763321453,KR_6767277841,KR_6732943793,KR_6728399659,KR_6761194312,KR_6742898244,KR_6768351833,KR_6763045222,KR_6767407429,KR_6758240518,KR_6699739813,KR_6758794431,KR_6752698893,KR_6750148501,KR_6675310403,KR_6766123829,KR_6721307813,KR_6755307058,KR_6764067552,KR_6684283829,KR_6678955583,KR_6736305927,KR_6762551349,KR_6745226174,KR_6755823558,KR_6676734550,KR_6655972581,KR_6724694308,KR_6616200176,KR_6291693719,KR_6713255303,KR_6763028716,KR_6743241107,KR_6767950455,KR_6766706724,KR_6766045254,KR_6760674097,KR_6634771475,KR_6758953173,KR_6754686571,KR_6751504071,KR_6678971214,KR_6765601442,KR_6767468215,KR_6747913171,KR_6754884716,KR_6573095789,KR_6758263642,KR_6752133985,KR_6751009878,KR_6765981482,KR_6757043346,KR_6759453572,KR_6767805367,KR_6761257743,KR_6766245918,KR_6767366019,KR_6767545582,KR_6768342608,KR_6747969972,KR_6762729178,KR_6768403103,KR_6741995917,KR_6763857639,KR_6762315763,KR_6765730915,KR_6668090795,KR_6765666458,KR_6752564594,KR_6752988375,KR_6703704148,KR_6718097372,KR_6734964063,KR_6758806861,KR_6746459961,KR_6760786279,KR_6768693475,KR_6727403203,KR_6764512505,KR_6766239946,KR_6765327369,KR_6769051422,KR_6728043149,KR_6698780372,KR_6768116494,KR_6764746419,KR_6762040101,KR_6738583572,KR_6664066170,KR_6768853030,KR_6598064825,KR_6715281302,KR_6764846052,KR_6764657941,KR_6666334943,KR_6718860457,KR_6763003992,KR_6697287111,KR_6732780500,KR_6751699753,KR_6698789710,KR_6765889420,KR_6767857598,KR_6757115077,KR_6761065880,KR_6751136563,KR_6740198032,KR_6712384400,KR_6761039043,KR_6768382982,KR_6689641484,KR_6748312314,KR_6767075599,KR_6720835421,KR_6740659218,KR_6613368844,KR_6768780399,KR_6742257242,KR_6682876770,KR_6765409106,KR_6750190369,KR_6629557101,KR_6761440845,KR_6688747431,KR_6739315543,KR_6742024205,KR_6748307495,KR_6732717548,KR_6767810705,KR_6724662167,KR_6616195530,KR_6742393231,KR_6751474807,KR_6762397760,KR_6734707222,KR_6768344435,KR_6766789796,KR_6690032223,KR_6740701765,KR_6760111107,KR_6762062766,KR_6720585481,KR_6756036222,KR_6692935211,KR_6748181205,KR_6642940886,KR_6672753111,KR_6634206880,KR_6616851514,KR_6712591482,KR_6749432585,KR_6732168206,KR_6767942528,KR_6399920135,KR_6758900982,KR_6688644992,KR_6700652141,KR_6761764606,KR_6737988198,KR_6766159996,KR_6728889639,KR_6758223054,KR_6757991016,KR_6766212614,KR_6742543725,KR_6743853376,KR_6761985371,KR_6763519441,KR_6728745694,KR_6729803445,KR_6757202046,KR_6759912017,KR_6737220018,KR_6768893470,KR_6768788484,KR_6768378733,KR_6764707462,KR_6762335374,KR_6767801545,KR_6740236480,KR_6759182801,KR_6768756386,KR_6739405072,KR_6746367926,KR_6727671194,KR_6701966279,KR_6767945720,KR_6761589559,KR_6678014844,KR_6765057921,KR_6767729192,KR_6652955654,KR_6704059381,KR_6766771242,KR_6732959953,KR_6758795110,KR_6768345225,KR_6740195607,KR_6749935193,KR_6760972466,KR_6766685053,KR_6759022366,KR_6762543280,KR_6753057690,KR_6764313735,KR_6746255100,KR_6764648803,KR_6754193566,KR_6755929902,KR_6616339718,KR_6764950016,KR_6759732152,KR_6759356467,KR_6655874417,KR_6768665245,KR_6760329261,KR_6764544668,KR_6767727733,KR_6738062392,KR_6768819818,KR_6704337822,KR_6755470430,KR_6763070170,KR_6763793308,KR_6622687293,KR_6749472031,KR_6748198282,KR_6651606859,KR_6757160652,KR_6747999976,KR_6750370286,KR_6715479152,KR_6761192859,KR_6762920103,KR_6755858643,KR_6732404113,KR_6733524666,KR_6715871233,KR_6741014364,KR_6654880842,KR_6762534770,KR_6763787760,KR_6724645748,KR_6768504727,KR_6762170579,KR_6768692002,KR_6714109326,KR_6762139731,KR_6676330960,KR_6753455579,KR_6765505660,KR_6755019928,KR_6761893272,KR_6764948517,KR_6616925516,KR_6688892980,KR_6727783334,KR_6756454832,KR_6768521082,KR_6616427861,KR_6746179761,KR_6761960882,KR_6768832396,KR_6742020421,KR_6760681442,KR_6765137328,KR_6762493296,KR_6744908115,KR_6739690844,KR_6763517778,KR_6734031319,KR_6761913776,KR_6698620624,KR_6696658028,KR_6740832408,KR_6755630212,KR_6723849003,KR_6761700588,KR_6649320424,KR_6765655894,KR_6752834701,KR_6766415295,KR_6747855726,KR_6767233224,KR_6752702750,KR_6763425291,KR_6760916921,KR_6759909319,KR_6635780874,KR_6653971997,KR_6768008656,KR_6746598029,KR_6676693556,KR_6755369082,KR_6729559377,KR_6766411511,KR_6723968815,KR_6765132155,KR_6769198682,KR_6746528303,KR_6565540728,KR_6767812600,KR_6758856764,KR_6769044462,KR_6758355377,KR_6749061043,KR_6737121132,KR_6738961099,KR_6749707034,KR_6690961836,KR_6765703920,KR_6748049679,KR_6760919689,KR_6752441337,KR_6650605581,KR_6745631680,KR_6659134499,KR_6753152469,KR_6753718888,KR_6753670630,KR_6766803407,KR_6706709271,KR_6668550489,KR_6766822563,KR_6732482070,KR_6764878214,KR_6737990594,KR_6754442210,KR_6749516521,KR_6765092480,KR_6764488464,KR_6762947499,KR_6756481107,KR_6728134232,KR_6628110182,KR_6757977052,KR_6767269417,KR_6728755496,KR_6744848016,KR_6726895117,KR_6634907280,KR_6740004134,KR_6737699922,KR_6762551619,KR_6762019310,KR_6768218496,KR_6765934236,KR_6753295960,KR_6741821884,KR_6768154384,KR_6768078629,KR_6768208404,KR_6761742841,KR_6767162380,KR_6765545210,KR_6768756568,KR_6688861511,KR_6760695397,KR_6768731531,KR_6768779347,KR_6768776701,KR_6761494389,KR_6764064953,KR_6750099430,KR_6731966266,KR_6680634681,KR_6729497122,KR_6761050027,KR_6754817735,KR_6757030143,KR_6765277230,KR_6663310872,KR_6768198890,KR_6732815951,KR_6764562965,KR_6750596575,KR_6679663509,KR_6745560608,KR_6619582899,KR_6767001982,KR_6762404607,KR_6765256865,KR_6758524229,KR_6733153671,KR_6754305252,KR_6689982131,KR_6639933840,KR_6637530534,KR_6756276292,KR_6750168880,KR_6767450618,KR_6675523791,KR_6746650682,KR_6764963357,KR_6689321464,KR_6744486539,KR_6736347470,KR_6765914406,KR_6721114268,KR_6763937086,KR_6734566483,KR_6695114573,KR_6741966219,KR_6699174640,KR_6687326085,KR_6745550376,KR_6757352925,KR_6766745159,KR_6723802599,KR_6767175870,KR_6718876087,KR_6761661423,KR_6768446356,KR_6755263516,KR_6730360256,KR_6761292103,KR_6739776013,KR_6707545122,KR_6768467695,KR_6610218361,KR_6767255720,KR_6761860785,KR_6760784137,KR_6754002975,KR_6744493530,KR_6715327882,KR_6766446372,KR_6757504151,KR_6758381871,KR_6766175996,KR_6615060437,KR_6766229060,KR_6767895230,KR_6679454815,KR_6732724729,KR_6761438949,KR_6749589045,KR_6754574359,KR_6768637989,KR_6693644200,KR_6734086030,KR_6734084350,KR_6722765381,KR_6478855991,KR_6769217584,KR_6746248466,KR_6735518993,KR_6701600626,KR_6768870489,KR_6767996133,KR_6602516525,KR_6756178730,KR_6761111189,KR_6760874568,KR_6653415260,KR_6761838879,KR_6749762761,KR_6743054285,KR_6730267099,KR_6768335361,KR_6764264683,KR_6768320683,KR_6743968163,KR_6748943529,KR_6765236514,KR_6745543766,KR_6761099974,KR_6767060755,KR_6763946040,KR_6744125109,KR_6655741493,KR_6748216211,KR_6759328364,KR_6693241452,KR_6766245969,KR_6764920638,KR_6628077234,KR_6692708948,KR_6751148952,KR_6676183414,KR_6698173529,KR_6705076513,KR_6764976123,KR_6762775578,KR_6754545725,KR_6761448865,KR_6757775597,KR_6767041139,KR_6628381160,KR_6692532938,KR_6693386730,KR_6766471873,KR_6768121504,KR_6719980181,KR_6760000407,KR_6697221319,KR_6764055668,KR_6762940504,KR_6766061590,KR_6749808254,KR_6768192735,KR_6764423702,KR_6756224085,KR_6692924240,KR_6593335820,KR_6766397433,KR_6697741321,KR_6768363630,KR_6597418988,KR_6765861115,KR_6768984701,KR_6694639494,KR_6737931892,KR_6757492019
